# Depth-Dose Distribution (PDD)
# Depth(mm) Dose(Gy) Dose_norm
# Bragg Peak at: 319.5 mm, 3.82859 Gy
0.0000	1.0043	0.2623
0.5000	1.0045	0.2624
1.0000	1.0047	0.2624
1.5000	1.0049	0.2625
2.0000	1.0052	0.2626
2.5000	1.0055	0.2626
3.0000	1.0058	0.2627
3.5000	1.0061	0.2628
4.0000	1.0064	0.2629
4.5000	1.0068	0.2630
5.0000	1.0071	0.2631
5.5000	1.0075	0.2632
6.0000	1.0079	0.2633
6.5000	1.0083	0.2634
7.0000	1.0087	0.2635
7.5000	1.0092	0.2636
8.0000	1.0097	0.2637
8.5000	1.0101	0.2638
9.0000	1.0106	0.2640
9.5000	1.0111	0.2641
10.0000	1.0116	0.2642
10.5000	1.0122	0.2644
11.0000	1.0127	0.2645
11.5000	1.0133	0.2647
12.0000	1.0138	0.2648
12.5000	1.0144	0.2649
13.0000	1.0149	0.2651
13.5000	1.0155	0.2652
14.0000	1.0161	0.2654
14.5000	1.0167	0.2655
15.0000	1.0173	0.2657
15.5000	1.0178	0.2659
16.0000	1.0184	0.2660
16.5000	1.0190	0.2662
17.0000	1.0196	0.2663
17.5000	1.0202	0.2665
18.0000	1.0208	0.2666
18.5000	1.0214	0.2668
19.0000	1.0220	0.2669
19.5000	1.0226	0.2671
20.0000	1.0232	0.2673
20.5000	1.0238	0.2674
21.0000	1.0244	0.2676
21.5000	1.0250	0.2677
22.0000	1.0256	0.2679
22.5000	1.0262	0.2680
23.0000	1.0269	0.2682
23.5000	1.0275	0.2684
24.0000	1.0281	0.2685
24.5000	1.0287	0.2687
25.0000	1.0293	0.2689
25.5000	1.0299	0.2690
26.0000	1.0306	0.2692
26.5000	1.0312	0.2693
27.0000	1.0318	0.2695
27.5000	1.0324	0.2697
28.0000	1.0331	0.2698
28.5000	1.0337	0.2700
29.0000	1.0343	0.2702
29.5000	1.0349	0.2703
30.0000	1.0356	0.2705
30.5000	1.0362	0.2706
31.0000	1.0368	0.2708
31.5000	1.0375	0.2710
32.0000	1.0381	0.2711
32.5000	1.0387	0.2713
33.0000	1.0394	0.2715
33.5000	1.0400	0.2716
34.0000	1.0407	0.2718
34.5000	1.0413	0.2720
35.0000	1.0420	0.2722
35.5000	1.0426	0.2723
36.0000	1.0433	0.2725
36.5000	1.0439	0.2727
37.0000	1.0446	0.2728
37.5000	1.0452	0.2730
38.0000	1.0459	0.2732
38.5000	1.0465	0.2733
39.0000	1.0472	0.2735
39.5000	1.0478	0.2737
40.0000	1.0485	0.2739
40.5000	1.0492	0.2740
41.0000	1.0498	0.2742
41.5000	1.0505	0.2744
42.0000	1.0512	0.2746
42.5000	1.0518	0.2747
43.0000	1.0525	0.2749
43.5000	1.0532	0.2751
44.0000	1.0538	0.2753
44.5000	1.0545	0.2754
45.0000	1.0552	0.2756
45.5000	1.0559	0.2758
46.0000	1.0566	0.2760
46.5000	1.0572	0.2761
47.0000	1.0579	0.2763
47.5000	1.0586	0.2765
48.0000	1.0593	0.2767
48.5000	1.0600	0.2769
49.0000	1.0607	0.2770
49.5000	1.0614	0.2772
50.0000	1.0621	0.2774
50.5000	1.0628	0.2776
51.0000	1.0635	0.2778
51.5000	1.0642	0.2779
52.0000	1.0649	0.2781
52.5000	1.0656	0.2783
53.0000	1.0663	0.2785
53.5000	1.0670	0.2787
54.0000	1.0677	0.2789
54.5000	1.0684	0.2791
55.0000	1.0691	0.2792
55.5000	1.0698	0.2794
56.0000	1.0705	0.2796
56.5000	1.0712	0.2798
57.0000	1.0720	0.2800
57.5000	1.0727	0.2802
58.0000	1.0734	0.2804
58.5000	1.0741	0.2806
59.0000	1.0749	0.2807
59.5000	1.0756	0.2809
60.0000	1.0763	0.2811
60.5000	1.0771	0.2813
61.0000	1.0778	0.2815
61.5000	1.0785	0.2817
62.0000	1.0793	0.2819
62.5000	1.0800	0.2821
63.0000	1.0808	0.2823
63.5000	1.0815	0.2825
64.0000	1.0823	0.2827
64.5000	1.0830	0.2829
65.0000	1.0838	0.2831
65.5000	1.0846	0.2833
66.0000	1.0853	0.2835
66.5000	1.0861	0.2837
67.0000	1.0869	0.2839
67.5000	1.0876	0.2841
68.0000	1.0884	0.2843
68.5000	1.0892	0.2845
69.0000	1.0900	0.2847
69.5000	1.0908	0.2849
70.0000	1.0916	0.2851
70.5000	1.0924	0.2853
71.0000	1.0932	0.2855
71.5000	1.0940	0.2857
72.0000	1.0948	0.2860
72.5000	1.0956	0.2862
73.0000	1.0964	0.2864
73.5000	1.0973	0.2866
74.0000	1.0981	0.2868
74.5000	1.0989	0.2870
75.0000	1.0997	0.2872
75.5000	1.1005	0.2875
76.0000	1.1014	0.2877
76.5000	1.1022	0.2879
77.0000	1.1030	0.2881
77.5000	1.1039	0.2883
78.0000	1.1047	0.2885
78.5000	1.1055	0.2888
79.0000	1.1064	0.2890
79.5000	1.1072	0.2892
80.0000	1.1081	0.2894
80.5000	1.1089	0.2896
81.0000	1.1098	0.2899
81.5000	1.1106	0.2901
82.0000	1.1115	0.2903
82.5000	1.1124	0.2905
83.0000	1.1132	0.2908
83.5000	1.1141	0.2910
84.0000	1.1150	0.2912
84.5000	1.1159	0.2915
85.0000	1.1167	0.2917
85.5000	1.1176	0.2919
86.0000	1.1185	0.2921
86.5000	1.1194	0.2924
87.0000	1.1203	0.2926
87.5000	1.1212	0.2929
88.0000	1.1221	0.2931
88.5000	1.1230	0.2933
89.0000	1.1239	0.2936
89.5000	1.1248	0.2938
90.0000	1.1257	0.2940
90.5000	1.1266	0.2943
91.0000	1.1275	0.2945
91.5000	1.1284	0.2947
92.0000	1.1294	0.2950
92.5000	1.1303	0.2952
93.0000	1.1312	0.2955
93.5000	1.1321	0.2957
94.0000	1.1330	0.2959
94.5000	1.1340	0.2962
95.0000	1.1349	0.2964
95.5000	1.1358	0.2967
96.0000	1.1368	0.2969
96.5000	1.1377	0.2972
97.0000	1.1387	0.2974
97.5000	1.1396	0.2977
98.0000	1.1406	0.2979
98.5000	1.1415	0.2982
99.0000	1.1425	0.2984
99.5000	1.1434	0.2987
100.0000	1.1444	0.2989
100.5000	1.1453	0.2992
101.0000	1.1463	0.2994
101.5000	1.1473	0.2997
102.0000	1.1483	0.2999
102.5000	1.1492	0.3002
103.0000	1.1502	0.3004
103.5000	1.1512	0.3007
104.0000	1.1522	0.3009
104.5000	1.1532	0.3012
105.0000	1.1542	0.3015
105.5000	1.1552	0.3017
106.0000	1.1561	0.3020
106.5000	1.1571	0.3022
107.0000	1.1582	0.3025
107.5000	1.1592	0.3028
108.0000	1.1602	0.3030
108.5000	1.1612	0.3033
109.0000	1.1622	0.3036
109.5000	1.1632	0.3038
110.0000	1.1642	0.3041
110.5000	1.1653	0.3044
111.0000	1.1663	0.3046
111.5000	1.1673	0.3049
112.0000	1.1684	0.3052
112.5000	1.1694	0.3054
113.0000	1.1705	0.3057
113.5000	1.1715	0.3060
114.0000	1.1725	0.3063
114.5000	1.1736	0.3065
115.0000	1.1747	0.3068
115.5000	1.1757	0.3071
116.0000	1.1768	0.3074
116.5000	1.1778	0.3076
117.0000	1.1789	0.3079
117.5000	1.1800	0.3082
118.0000	1.1811	0.3085
118.5000	1.1821	0.3088
119.0000	1.1832	0.3091
119.5000	1.1843	0.3093
120.0000	1.1854	0.3096
120.5000	1.1865	0.3099
121.0000	1.1876	0.3102
121.5000	1.1887	0.3105
122.0000	1.1898	0.3108
122.5000	1.1909	0.3111
123.0000	1.1920	0.3114
123.5000	1.1932	0.3116
124.0000	1.1943	0.3119
124.5000	1.1954	0.3122
125.0000	1.1965	0.3125
125.5000	1.1977	0.3128
126.0000	1.1988	0.3131
126.5000	1.1999	0.3134
127.0000	1.2011	0.3137
127.5000	1.2022	0.3140
128.0000	1.2034	0.3143
128.5000	1.2045	0.3146
129.0000	1.2057	0.3149
129.5000	1.2069	0.3152
130.0000	1.2080	0.3155
130.5000	1.2092	0.3158
131.0000	1.2104	0.3161
131.5000	1.2116	0.3165
132.0000	1.2127	0.3168
132.5000	1.2139	0.3171
133.0000	1.2151	0.3174
133.5000	1.2163	0.3177
134.0000	1.2175	0.3180
134.5000	1.2187	0.3183
135.0000	1.2199	0.3186
135.5000	1.2212	0.3190
136.0000	1.2224	0.3193
136.5000	1.2236	0.3196
137.0000	1.2248	0.3199
137.5000	1.2261	0.3202
138.0000	1.2273	0.3206
138.5000	1.2285	0.3209
139.0000	1.2298	0.3212
139.5000	1.2310	0.3215
140.0000	1.2323	0.3219
140.5000	1.2335	0.3222
141.0000	1.2348	0.3225
141.5000	1.2361	0.3229
142.0000	1.2374	0.3232
142.5000	1.2386	0.3235
143.0000	1.2399	0.3239
143.5000	1.2412	0.3242
144.0000	1.2425	0.3245
144.5000	1.2438	0.3249
145.0000	1.2451	0.3252
145.5000	1.2464	0.3256
146.0000	1.2477	0.3259
146.5000	1.2490	0.3262
147.0000	1.2504	0.3266
147.5000	1.2517	0.3269
148.0000	1.2530	0.3273
148.5000	1.2543	0.3276
149.0000	1.2557	0.3280
149.5000	1.2570	0.3283
150.0000	1.2584	0.3287
150.5000	1.2598	0.3290
151.0000	1.2611	0.3294
151.5000	1.2625	0.3298
152.0000	1.2639	0.3301
152.5000	1.2652	0.3305
153.0000	1.2666	0.3308
153.5000	1.2680	0.3312
154.0000	1.2694	0.3316
154.5000	1.2708	0.3319
155.0000	1.2722	0.3323
155.5000	1.2736	0.3327
156.0000	1.2750	0.3330
156.5000	1.2765	0.3334
157.0000	1.2779	0.3338
157.5000	1.2793	0.3342
158.0000	1.2808	0.3345
158.5000	1.2822	0.3349
159.0000	1.2837	0.3353
159.5000	1.2851	0.3357
160.0000	1.2866	0.3361
160.5000	1.2881	0.3364
161.0000	1.2896	0.3368
161.5000	1.2910	0.3372
162.0000	1.2925	0.3376
162.5000	1.2940	0.3380
163.0000	1.2956	0.3384
163.5000	1.2971	0.3388
164.0000	1.2986	0.3392
164.5000	1.3001	0.3396
165.0000	1.3017	0.3400
165.5000	1.3032	0.3404
166.0000	1.3048	0.3408
166.5000	1.3063	0.3412
167.0000	1.3079	0.3416
167.5000	1.3095	0.3420
168.0000	1.3111	0.3424
168.5000	1.3127	0.3429
169.0000	1.3143	0.3433
169.5000	1.3159	0.3437
170.0000	1.3175	0.3441
170.5000	1.3192	0.3446
171.0000	1.3208	0.3450
171.5000	1.3225	0.3454
172.0000	1.3242	0.3459
172.5000	1.3259	0.3463
173.0000	1.3275	0.3467
173.5000	1.3292	0.3472
174.0000	1.3310	0.3476
174.5000	1.3327	0.3481
175.0000	1.3344	0.3485
175.5000	1.3362	0.3490
176.0000	1.3379	0.3495
176.5000	1.3397	0.3499
177.0000	1.3415	0.3504
177.5000	1.3433	0.3509
178.0000	1.3451	0.3513
178.5000	1.3469	0.3518
179.0000	1.3487	0.3523
179.5000	1.3505	0.3527
180.0000	1.3524	0.3532
180.5000	1.3542	0.3537
181.0000	1.3561	0.3542
181.5000	1.3580	0.3547
182.0000	1.3598	0.3552
182.5000	1.3617	0.3557
183.0000	1.3636	0.3562
183.5000	1.3656	0.3567
184.0000	1.3675	0.3572
184.5000	1.3694	0.3577
185.0000	1.3713	0.3582
185.5000	1.3733	0.3587
186.0000	1.3752	0.3592
186.5000	1.3772	0.3597
187.0000	1.3792	0.3602
187.5000	1.3812	0.3607
188.0000	1.3832	0.3613
188.5000	1.3852	0.3618
189.0000	1.3872	0.3623
189.5000	1.3892	0.3628
190.0000	1.3912	0.3634
190.5000	1.3933	0.3639
191.0000	1.3953	0.3645
191.5000	1.3974	0.3650
192.0000	1.3995	0.3655
192.5000	1.4016	0.3661
193.0000	1.4037	0.3666
193.5000	1.4058	0.3672
194.0000	1.4079	0.3677
194.5000	1.4100	0.3683
195.0000	1.4122	0.3689
195.5000	1.4143	0.3694
196.0000	1.4165	0.3700
196.5000	1.4187	0.3705
197.0000	1.4209	0.3711
197.5000	1.4231	0.3717
198.0000	1.4253	0.3723
198.5000	1.4275	0.3729
199.0000	1.4298	0.3734
199.5000	1.4320	0.3740
200.0000	1.4343	0.3746
200.5000	1.4365	0.3752
201.0000	1.4388	0.3758
201.5000	1.4411	0.3764
202.0000	1.4434	0.3770
202.5000	1.4458	0.3776
203.0000	1.4481	0.3782
203.5000	1.4505	0.3789
204.0000	1.4528	0.3795
204.5000	1.4552	0.3801
205.0000	1.4576	0.3807
205.5000	1.4600	0.3813
206.0000	1.4624	0.3820
206.5000	1.4649	0.3826
207.0000	1.4673	0.3833
207.5000	1.4698	0.3839
208.0000	1.4722	0.3845
208.5000	1.4747	0.3852
209.0000	1.4772	0.3858
209.5000	1.4798	0.3865
210.0000	1.4823	0.3872
210.5000	1.4848	0.3878
211.0000	1.4874	0.3885
211.5000	1.4900	0.3892
212.0000	1.4926	0.3899
212.5000	1.4952	0.3905
213.0000	1.4978	0.3912
213.5000	1.5005	0.3919
214.0000	1.5031	0.3926
214.5000	1.5058	0.3933
215.0000	1.5085	0.3940
215.5000	1.5112	0.3947
216.0000	1.5139	0.3954
216.5000	1.5167	0.3961
217.0000	1.5194	0.3969
217.5000	1.5222	0.3976
218.0000	1.5250	0.3983
218.5000	1.5278	0.3991
219.0000	1.5307	0.3998
219.5000	1.5335	0.4005
220.0000	1.5364	0.4013
220.5000	1.5393	0.4020
221.0000	1.5422	0.4028
221.5000	1.5451	0.4036
222.0000	1.5481	0.4043
222.5000	1.5510	0.4051
223.0000	1.5540	0.4059
223.5000	1.5570	0.4067
224.0000	1.5600	0.4075
224.5000	1.5631	0.4083
225.0000	1.5661	0.4091
225.5000	1.5692	0.4099
226.0000	1.5723	0.4107
226.5000	1.5755	0.4115
227.0000	1.5786	0.4123
227.5000	1.5818	0.4131
228.0000	1.5850	0.4140
228.5000	1.5882	0.4148
229.0000	1.5914	0.4157
229.5000	1.5947	0.4165
230.0000	1.5980	0.4174
230.5000	1.6013	0.4182
231.0000	1.6046	0.4191
231.5000	1.6080	0.4200
232.0000	1.6114	0.4209
232.5000	1.6148	0.4218
233.0000	1.6182	0.4227
233.5000	1.6217	0.4236
234.0000	1.6251	0.4245
234.5000	1.6286	0.4254
235.0000	1.6322	0.4263
235.5000	1.6357	0.4272
236.0000	1.6393	0.4282
236.5000	1.6429	0.4291
237.0000	1.6466	0.4301
237.5000	1.6503	0.4310
238.0000	1.6540	0.4320
238.5000	1.6577	0.4330
239.0000	1.6614	0.4340
239.5000	1.6652	0.4349
240.0000	1.6691	0.4359
240.5000	1.6729	0.4370
241.0000	1.6768	0.4380
241.5000	1.6807	0.4390
242.0000	1.6846	0.4400
242.5000	1.6886	0.4411
243.0000	1.6926	0.4421
243.5000	1.6967	0.4432
244.0000	1.7008	0.4442
244.5000	1.7049	0.4453
245.0000	1.7090	0.4464
245.5000	1.7132	0.4475
246.0000	1.7175	0.4486
246.5000	1.7217	0.4497
247.0000	1.7260	0.4508
247.5000	1.7304	0.4520
248.0000	1.7348	0.4531
248.5000	1.7392	0.4543
249.0000	1.7437	0.4554
249.5000	1.7482	0.4566
250.0000	1.7528	0.4578
250.5000	1.7574	0.4590
251.0000	1.7621	0.4602
251.5000	1.7668	0.4615
252.0000	1.7715	0.4627
252.5000	1.7763	0.4640
253.0000	1.7812	0.4652
253.5000	1.7861	0.4665
254.0000	1.7911	0.4678
254.5000	1.7961	0.4691
255.0000	1.8012	0.4705
255.5000	1.8063	0.4718
256.0000	1.8115	0.4731
256.5000	1.8167	0.4745
257.0000	1.8220	0.4759
257.5000	1.8273	0.4773
258.0000	1.8327	0.4787
258.5000	1.8382	0.4801
259.0000	1.8437	0.4816
259.5000	1.8493	0.4830
260.0000	1.8550	0.4845
260.5000	1.8607	0.4860
261.0000	1.8664	0.4875
261.5000	1.8723	0.4890
262.0000	1.8782	0.4906
262.5000	1.8841	0.4921
263.0000	1.8902	0.4937
263.5000	1.8963	0.4953
264.0000	1.9024	0.4969
264.5000	1.9087	0.4985
265.0000	1.9150	0.5002
265.5000	1.9214	0.5019
266.0000	1.9279	0.5035
266.5000	1.9344	0.5053
267.0000	1.9411	0.5070
267.5000	1.9478	0.5087
268.0000	1.9546	0.5105
268.5000	1.9614	0.5123
269.0000	1.9684	0.5141
269.5000	1.9754	0.5160
270.0000	1.9826	0.5178
270.5000	1.9898	0.5197
271.0000	1.9971	0.5216
271.5000	2.0046	0.5236
272.0000	2.0121	0.5255
272.5000	2.0197	0.5275
273.0000	2.0274	0.5295
273.5000	2.0352	0.5316
274.0000	2.0431	0.5336
274.5000	2.0512	0.5357
275.0000	2.0593	0.5379
275.5000	2.0675	0.5400
276.0000	2.0759	0.5422
276.5000	2.0844	0.5444
277.0000	2.0930	0.5467
277.5000	2.1018	0.5490
278.0000	2.1106	0.5513
278.5000	2.1196	0.5536
279.0000	2.1287	0.5560
279.5000	2.1380	0.5584
280.0000	2.1474	0.5609
280.5000	2.1570	0.5634
281.0000	2.1667	0.5659
281.5000	2.1765	0.5685
282.0000	2.1866	0.5711
282.5000	2.1967	0.5738
283.0000	2.2071	0.5765
283.5000	2.2176	0.5792
284.0000	2.2283	0.5820
284.5000	2.2392	0.5849
285.0000	2.2503	0.5878
285.5000	2.2616	0.5907
286.0000	2.2730	0.5937
286.5000	2.2847	0.5967
287.0000	2.2966	0.5999
287.5000	2.3087	0.6030
288.0000	2.3211	0.6062
288.5000	2.3336	0.6095
289.0000	2.3464	0.6129
289.5000	2.3595	0.6163
290.0000	2.3728	0.6198
290.5000	2.3864	0.6233
291.0000	2.4003	0.6269
291.5000	2.4145	0.6306
292.0000	2.4289	0.6344
292.5000	2.4436	0.6383
293.0000	2.4587	0.6422
293.5000	2.4741	0.6462
294.0000	2.4898	0.6503
294.5000	2.5059	0.6545
295.0000	2.5223	0.6588
295.5000	2.5391	0.6632
296.0000	2.5563	0.6677
296.5000	2.5739	0.6723
297.0000	2.5919	0.6770
297.5000	2.6103	0.6818
298.0000	2.6292	0.6867
298.5000	2.6486	0.6918
299.0000	2.6685	0.6970
299.5000	2.6889	0.7023
300.0000	2.7099	0.7078
300.5000	2.7314	0.7134
301.0000	2.7534	0.7192
301.5000	2.7762	0.7251
302.0000	2.7995	0.7312
302.5000	2.8235	0.7375
303.0000	2.8482	0.7439
303.5000	2.8736	0.7506
304.0000	2.8997	0.7574
304.5000	2.9266	0.7644
305.0000	2.9542	0.7716
305.5000	2.9826	0.7790
306.0000	3.0117	0.7866
306.5000	3.0416	0.7944
307.0000	3.0722	0.8024
307.5000	3.1034	0.8106
308.0000	3.1353	0.8189
308.5000	3.1677	0.8274
309.0000	3.2006	0.8360
309.5000	3.2339	0.8447
310.0000	3.2675	0.8535
310.5000	3.3014	0.8623
311.0000	3.3353	0.8712
311.5000	3.3692	0.8800
312.0000	3.4029	0.8888
312.5000	3.4364	0.8976
313.0000	3.4695	0.9062
313.5000	3.5021	0.9147
314.0000	3.5341	0.9231
314.5000	3.5654	0.9313
315.0000	3.5959	0.9392
315.5000	3.6257	0.9470
316.0000	3.6545	0.9545
316.5000	3.6823	0.9618
317.0000	3.7092	0.9688
317.5000	3.7351	0.9756
318.0000	3.7600	0.9821
318.5000	3.7839	0.9883
319.0000	3.8067	0.9943
319.5000	3.8286	1.0000
