# 70 MeV Proton Pencil Beam 2D Dose Distribution
# x(mm) z(mm) dose(Gy)
0	0	0
1	0	0
2	0	0
3	0	0
4	0	0
5	0	0
6	0	0
7	0	0
8	0	0
9	0	0
10	0	0
11	0	0
12	0	0
13	0	0
14	0	0
15	0	0
16	0	0
17	0	0
18	0	0
19	0	0
20	0	0
21	0	0
22	0	0
23	0	0
24	0	0
25	0	0
26	0	0
27	0	0
28	0	0
29	0	0
30	0	0
31	0	0
32	0	0
33	0	0
34	0	0
35	0	0
36	0	0
37	0	0
38	0	0
39	0	0
40	0	0
41	0	0
42	0	0
43	0	0
44	0	0
45	0	0
46	0	0
47	0	0
48	0	0
49	0	0

0	1	1.03999e-35
1	1	4.19561e-33
2	1	1.31822e-30
3	1	3.22558e-28
4	1	6.14687e-26
5	1	9.12276e-24
6	1	1.05445e-21
7	1	9.49184e-20
8	1	6.65429e-18
9	1	3.63312e-16
10	1	1.54484e-14
11	1	5.11581e-13
12	1	1.31939e-11
13	1	2.65006e-10
14	1	4.14539e-09
15	1	5.05011e-08
16	1	4.79142e-07
17	1	3.5404e-06
18	1	2.03736e-05
19	1	9.13082e-05
20	1	0.000318697
21	1	0.000866308
22	1	0.00183397
23	1	0.00302371
24	1	0.00388252
25	1	0.00388252
26	1	0.00302371
27	1	0.00183397
28	1	0.000866308
29	1	0.000318697
30	1	9.13082e-05
31	1	2.03736e-05
32	1	3.5404e-06
33	1	4.79142e-07
34	1	5.05011e-08
35	1	4.14539e-09
36	1	2.65006e-10
37	1	1.31939e-11
38	1	5.11581e-13
39	1	1.54484e-14
40	1	3.63312e-16
41	1	6.65429e-18
42	1	9.49184e-20
43	1	1.05445e-21
44	1	9.12276e-24
45	1	6.14687e-26
46	1	3.22558e-28
47	1	1.31822e-30
48	1	4.19561e-33
49	1	1.03999e-35

0	2	4.15995e-35
1	2	1.67824e-32
2	2	5.27288e-30
3	2	1.29023e-27
4	2	2.45875e-25
5	2	3.6491e-23
6	2	4.21779e-21
7	2	3.79673e-19
8	2	2.66172e-17
9	2	1.45325e-15
10	2	6.17937e-14
11	2	2.04633e-12
12	2	5.27754e-11
13	2	1.06002e-09
14	2	1.65815e-08
15	2	2.02005e-07
16	2	1.91657e-06
17	2	1.41616e-05
18	2	8.14945e-05
19	2	0.000365233
20	2	0.00127479
21	2	0.00346523
22	2	0.0073359
23	2	0.0120949
24	2	0.0155301
25	2	0.0155301
26	2	0.0120949
27	2	0.0073359
28	2	0.00346523
29	2	0.00127479
30	2	0.000365233
31	2	8.14945e-05
32	2	1.41616e-05
33	2	1.91657e-06
34	2	2.02005e-07
35	2	1.65815e-08
36	2	1.06002e-09
37	2	5.27754e-11
38	2	2.04633e-12
39	2	6.17937e-14
40	2	1.45325e-15
41	2	2.66172e-17
42	2	3.79673e-19
43	2	4.21779e-21
44	2	3.6491e-23
45	2	2.45875e-25
46	2	1.29023e-27
47	2	5.27288e-30
48	2	1.67824e-32
49	2	4.15995e-35

0	3	9.35988e-35
1	3	3.77605e-32
2	3	1.1864e-29
3	3	2.90302e-27
4	3	5.53218e-25
5	3	8.21048e-23
6	3	9.49003e-21
7	3	8.54265e-19
8	3	5.98886e-17
9	3	3.26981e-15
10	3	1.39036e-13
11	3	4.60423e-12
12	3	1.18745e-10
13	3	2.38505e-09
14	3	3.73085e-08
15	3	4.5451e-07
16	3	4.31227e-06
17	3	3.18636e-05
18	3	0.000183363
19	3	0.000821774
20	3	0.00286827
21	3	0.00779677
22	3	0.0165058
23	3	0.0272134
24	3	0.0349427
25	3	0.0349427
26	3	0.0272134
27	3	0.0165058
28	3	0.00779677
29	3	0.00286827
30	3	0.000821774
31	3	0.000183363
32	3	3.18636e-05
33	3	4.31227e-06
34	3	4.5451e-07
35	3	3.73085e-08
36	3	2.38505e-09
37	3	1.18745e-10
38	3	4.60423e-12
39	3	1.39036e-13
40	3	3.26981e-15
41	3	5.98886e-17
42	3	8.54265e-19
43	3	9.49003e-21
44	3	8.21048e-23
45	3	5.53218e-25
46	3	2.90302e-27
47	3	1.1864e-29
48	3	3.77605e-32
49	3	9.35988e-35

0	4	1.66398e-34
1	4	6.71297e-32
2	4	2.10915e-29
3	4	5.16093e-27
4	4	9.83499e-25
5	4	1.45964e-22
6	4	1.68712e-20
7	4	1.51869e-18
8	4	1.06469e-16
9	4	5.81299e-15
10	4	2.47175e-13
11	4	8.1853e-12
12	4	2.11102e-10
13	4	4.24009e-09
14	4	6.63262e-08
15	4	8.08018e-07
16	4	7.66626e-06
17	4	5.66465e-05
18	4	0.000325978
19	4	0.00146093
20	4	0.00509915
21	4	0.0138609
22	4	0.0293436
23	4	0.0483794
24	4	0.0621204
25	4	0.0621204
26	4	0.0483794
27	4	0.0293436
28	4	0.0138609
29	4	0.00509915
30	4	0.00146093
31	4	0.000325978
32	4	5.66465e-05
33	4	7.66626e-06
34	4	8.08018e-07
35	4	6.63262e-08
36	4	4.24009e-09
37	4	2.11102e-10
38	4	8.1853e-12
39	4	2.47175e-13
40	4	5.81299e-15
41	4	1.06469e-16
42	4	1.51869e-18
43	4	1.68712e-20
44	4	1.45964e-22
45	4	9.83499e-25
46	4	5.16093e-27
47	4	2.10915e-29
48	4	6.71297e-32
49	4	1.66398e-34

0	5	2.59997e-34
1	5	1.0489e-31
2	5	3.29555e-29
3	5	8.06395e-27
4	5	1.53672e-24
5	5	2.28069e-22
6	5	2.63612e-20
7	5	2.37296e-18
8	5	1.66357e-16
9	5	9.0828e-15
10	5	3.8621e-13
11	5	1.27895e-11
12	5	3.29846e-10
13	5	6.62514e-09
14	5	1.03635e-07
15	5	1.26253e-06
16	5	1.19785e-05
17	5	8.85101e-05
18	5	0.00050934
19	5	0.00228271
20	5	0.00796742
21	5	0.0216577
22	5	0.0458494
23	5	0.0755928
24	5	0.0970631
25	5	0.0970631
26	5	0.0755928
27	5	0.0458494
28	5	0.0216577
29	5	0.00796742
30	5	0.00228271
31	5	0.00050934
32	5	8.85101e-05
33	5	1.19785e-05
34	5	1.26253e-06
35	5	1.03635e-07
36	5	6.62514e-09
37	5	3.29846e-10
38	5	1.27895e-11
39	5	3.8621e-13
40	5	9.0828e-15
41	5	1.66357e-16
42	5	2.37296e-18
43	5	2.63612e-20
44	5	2.28069e-22
45	5	1.53672e-24
46	5	8.06395e-27
47	5	3.29555e-29
48	5	1.0489e-31
49	5	2.59997e-34

0	6	3.74395e-34
1	6	1.51042e-31
2	6	4.74559e-29
3	6	1.16121e-26
4	6	2.21287e-24
5	6	3.28419e-22
6	6	3.79601e-20
7	6	3.41706e-18
8	6	2.39554e-16
9	6	1.30792e-14
10	6	5.56143e-13
11	6	1.84169e-11
12	6	4.74979e-10
13	6	9.5402e-09
14	6	1.49234e-07
15	6	1.81804e-06
16	6	1.72491e-05
17	6	0.000127455
18	6	0.00073345
19	6	0.0032871
20	6	0.0114731
21	6	0.0311871
22	6	0.0660231
23	6	0.108854
24	6	0.139771
25	6	0.139771
26	6	0.108854
27	6	0.0660231
28	6	0.0311871
29	6	0.0114731
30	6	0.0032871
31	6	0.00073345
32	6	0.000127455
33	6	1.72491e-05
34	6	1.81804e-06
35	6	1.49234e-07
36	6	9.5402e-09
37	6	4.74979e-10
38	6	1.84169e-11
39	6	5.56143e-13
40	6	1.30792e-14
41	6	2.39554e-16
42	6	3.41706e-18
43	6	3.79601e-20
44	6	3.28419e-22
45	6	2.21287e-24
46	6	1.16121e-26
47	6	4.74559e-29
48	6	1.51042e-31
49	6	3.74395e-34

0	7	5.09594e-34
1	7	2.05585e-31
2	7	6.45928e-29
3	7	1.58053e-26
4	7	3.01196e-24
5	7	4.47015e-22
6	7	5.16679e-20
7	7	4.651e-18
8	7	3.2606e-16
9	7	1.78023e-14
10	7	7.56972e-13
11	7	2.50675e-11
12	7	6.46499e-10
13	7	1.29853e-08
14	7	2.03124e-07
15	7	2.47456e-06
16	7	2.34779e-05
17	7	0.00017348
18	7	0.000998307
19	7	0.0044741
20	7	0.0156161
21	7	0.0424491
22	7	0.0898647
23	7	0.148162
24	7	0.190244
25	7	0.190244
26	7	0.148162
27	7	0.0898647
28	7	0.0424491
29	7	0.0156161
30	7	0.0044741
31	7	0.000998307
32	7	0.00017348
33	7	2.34779e-05
34	7	2.47456e-06
35	7	2.03124e-07
36	7	1.29853e-08
37	7	6.46499e-10
38	7	2.50675e-11
39	7	7.56972e-13
40	7	1.78023e-14
41	7	3.2606e-16
42	7	4.651e-18
43	7	5.16679e-20
44	7	4.47015e-22
45	7	3.01196e-24
46	7	1.58053e-26
47	7	6.45928e-29
48	7	2.05585e-31
49	7	5.09594e-34

0	8	6.65592e-34
1	8	2.68519e-31
2	8	8.43661e-29
3	8	2.06437e-26
4	8	3.93399e-24
5	8	5.83857e-22
6	8	6.74847e-20
7	8	6.07477e-18
8	8	4.25875e-16
9	8	2.3252e-14
10	8	9.88699e-13
11	8	3.27412e-11
12	8	8.44407e-10
13	8	1.69604e-08
14	8	2.65305e-07
15	8	3.23207e-06
16	8	3.06651e-05
17	8	0.000226586
18	8	0.00130391
19	8	0.00584373
20	8	0.0203966
21	8	0.0554437
22	8	0.117374
23	8	0.193518
24	8	0.248482
25	8	0.248482
26	8	0.193518
27	8	0.117374
28	8	0.0554437
29	8	0.0203966
30	8	0.00584373
31	8	0.00130391
32	8	0.000226586
33	8	3.06651e-05
34	8	3.23207e-06
35	8	2.65305e-07
36	8	1.69604e-08
37	8	8.44407e-10
38	8	3.27412e-11
39	8	9.88699e-13
40	8	2.3252e-14
41	8	4.25875e-16
42	8	6.07477e-18
43	8	6.74847e-20
44	8	5.83857e-22
45	8	3.93399e-24
46	8	2.06437e-26
47	8	8.43661e-29
48	8	2.68519e-31
49	8	6.65592e-34

0	9	8.4239e-34
1	9	3.39844e-31
2	9	1.06776e-28
3	9	2.61272e-26
4	9	4.97896e-24
5	9	7.38944e-22
6	9	8.54103e-20
7	9	7.68839e-18
8	9	5.38998e-16
9	9	2.94283e-14
10	9	1.25132e-12
11	9	4.14381e-11
12	9	1.0687e-09
13	9	2.14655e-08
14	9	3.35776e-07
15	9	4.09059e-06
16	9	3.88105e-05
17	9	0.000286773
18	9	0.00165026
19	9	0.00739597
20	9	0.0258145
21	9	0.070171
22	9	0.148552
23	9	0.244921
24	9	0.314484
25	9	0.314484
26	9	0.244921
27	9	0.148552
28	9	0.070171
29	9	0.0258145
30	9	0.00739597
31	9	0.00165026
32	9	0.000286773
33	9	3.88105e-05
34	9	4.09059e-06
35	9	3.35776e-07
36	9	2.14655e-08
37	9	1.0687e-09
38	9	4.14381e-11
39	9	1.25132e-12
40	9	2.94283e-14
41	9	5.38998e-16
42	9	7.68839e-18
43	9	8.54103e-20
44	9	7.38944e-22
45	9	4.97896e-24
46	9	2.61272e-26
47	9	1.06776e-28
48	9	3.39844e-31
49	9	8.4239e-34

0	10	1.03999e-33
1	10	4.19561e-31
2	10	1.31822e-28
3	10	3.22558e-26
4	10	6.14687e-24
5	10	9.12276e-22
6	10	1.05445e-19
7	10	9.49184e-18
8	10	6.65429e-16
9	10	3.63312e-14
10	10	1.54484e-12
11	10	5.11581e-11
12	10	1.31939e-09
13	10	2.65006e-08
14	10	4.14539e-07
15	10	5.05011e-06
16	10	4.79142e-05
17	10	0.00035404
18	10	0.00203736
19	10	0.00913082
20	10	0.0318697
21	10	0.0866308
22	10	0.183397
23	10	0.302371
24	10	0.388252
25	10	0.388252
26	10	0.302371
27	10	0.183397
28	10	0.0866308
29	10	0.0318697
30	10	0.00913082
31	10	0.00203736
32	10	0.00035404
33	10	4.79142e-05
34	10	5.05011e-06
35	10	4.14539e-07
36	10	2.65006e-08
37	10	1.31939e-09
38	10	5.11581e-11
39	10	1.54484e-12
40	10	3.63312e-14
41	10	6.65429e-16
42	10	9.49184e-18
43	10	1.05445e-19
44	10	9.12276e-22
45	10	6.14687e-24
46	10	3.22558e-26
47	10	1.31822e-28
48	10	4.19561e-31
49	10	1.03999e-33

0	11	1.25838e-33
1	11	5.07669e-31
2	11	1.59505e-28
3	11	3.90295e-26
4	11	7.43771e-24
5	11	1.10385e-21
6	11	1.27588e-19
7	11	1.14851e-17
8	11	8.05169e-16
9	11	4.39607e-14
10	11	1.86926e-12
11	11	6.19013e-11
12	11	1.59646e-09
13	11	3.20657e-08
14	11	5.01592e-07
15	11	6.11064e-06
16	11	5.79761e-05
17	11	0.000428389
18	11	0.00246521
19	11	0.0110483
20	11	0.0385623
21	11	0.104823
22	11	0.221911
23	11	0.365869
24	11	0.469785
25	11	0.469785
26	11	0.365869
27	11	0.221911
28	11	0.104823
29	11	0.0385623
30	11	0.0110483
31	11	0.00246521
32	11	0.000428389
33	11	5.79761e-05
34	11	6.11064e-06
35	11	5.01592e-07
36	11	3.20657e-08
37	11	1.59646e-09
38	11	6.19013e-11
39	11	1.86926e-12
40	11	4.39607e-14
41	11	8.05169e-16
42	11	1.14851e-17
43	11	1.27588e-19
44	11	1.10385e-21
45	11	7.43771e-24
46	11	3.90295e-26
47	11	1.59505e-28
48	11	5.07669e-31
49	11	1.25838e-33

0	12	1.49758e-33
1	12	6.04168e-31
2	12	1.89824e-28
3	12	4.64483e-26
4	12	8.85149e-24
5	12	1.31368e-21
6	12	1.5184e-19
7	12	1.36682e-17
8	12	9.58218e-16
9	12	5.23169e-14
10	12	2.22457e-12
11	12	7.36677e-11
12	12	1.89992e-09
13	12	3.81608e-08
14	12	5.96936e-07
15	12	7.27216e-06
16	12	6.89964e-05
17	12	0.000509818
18	12	0.0029338
19	12	0.0131484
20	12	0.0458924
21	12	0.124748
22	12	0.264092
23	12	0.435415
24	12	0.559083
25	12	0.559083
26	12	0.435415
27	12	0.264092
28	12	0.124748
29	12	0.0458924
30	12	0.0131484
31	12	0.0029338
32	12	0.000509818
33	12	6.89964e-05
34	12	7.27216e-06
35	12	5.96936e-07
36	12	3.81608e-08
37	12	1.89992e-09
38	12	7.36677e-11
39	12	2.22457e-12
40	12	5.23169e-14
41	12	9.58218e-16
42	12	1.36682e-17
43	12	1.5184e-19
44	12	1.31368e-21
45	12	8.85149e-24
46	12	4.64483e-26
47	12	1.89824e-28
48	12	6.04168e-31
49	12	1.49758e-33

0	13	1.75758e-33
1	13	7.09058e-31
2	13	2.22779e-28
3	13	5.45123e-26
4	13	1.03882e-23
5	13	1.54175e-21
6	13	1.78202e-19
7	13	1.60412e-17
8	13	1.12457e-15
9	13	6.13997e-14
10	13	2.61078e-12
11	13	8.64572e-11
12	13	2.22976e-09
13	13	4.4786e-08
14	13	7.0057e-07
15	13	8.53469e-06
16	13	8.09749e-05
17	13	0.000598328
18	13	0.00344314
19	13	0.0154311
20	13	0.0538598
21	13	0.146406
22	13	0.309942
23	13	0.511007
24	13	0.656146
25	13	0.656146
26	13	0.511007
27	13	0.309942
28	13	0.146406
29	13	0.0538598
30	13	0.0154311
31	13	0.00344314
32	13	0.000598328
33	13	8.09749e-05
34	13	8.53469e-06
35	13	7.0057e-07
36	13	4.4786e-08
37	13	2.22976e-09
38	13	8.64572e-11
39	13	2.61078e-12
40	13	6.13997e-14
41	13	1.12457e-15
42	13	1.60412e-17
43	13	1.78202e-19
44	13	1.54175e-21
45	13	1.03882e-23
46	13	5.45123e-26
47	13	2.22779e-28
48	13	7.09058e-31
49	13	1.75758e-33

0	14	2.03837e-33
1	14	8.22339e-31
2	14	2.58371e-28
3	14	6.32214e-26
4	14	1.20479e-23
5	14	1.78806e-21
6	14	2.06672e-19
7	14	1.8604e-17
8	14	1.30424e-15
9	14	7.12091e-14
10	14	3.02789e-12
11	14	1.0027e-10
12	14	2.586e-09
13	14	5.19411e-08
14	14	8.12496e-07
15	14	9.89822e-06
16	14	9.39117e-05
17	14	0.000693919
18	14	0.00399323
19	14	0.0178964
20	14	0.0624646
21	14	0.169796
22	14	0.359459
23	14	0.592648
24	14	0.760975
25	14	0.760975
26	14	0.592648
27	14	0.359459
28	14	0.169796
29	14	0.0624646
30	14	0.0178964
31	14	0.00399323
32	14	0.000693919
33	14	9.39117e-05
34	14	9.89822e-06
35	14	8.12496e-07
36	14	5.19411e-08
37	14	2.586e-09
38	14	1.0027e-10
39	14	3.02789e-12
40	14	7.12091e-14
41	14	1.30424e-15
42	14	1.8604e-17
43	14	2.06672e-19
44	14	1.78806e-21
45	14	1.20479e-23
46	14	6.32214e-26
47	14	2.58371e-28
48	14	8.22339e-31
49	14	2.03837e-33

0	15	2.33997e-33
1	15	9.44012e-31
2	15	2.966e-28
3	15	7.25756e-26
4	15	1.38305e-23
5	15	2.05262e-21
6	15	2.37251e-19
7	15	2.13566e-17
8	15	1.49722e-15
9	15	8.17452e-14
10	15	3.47589e-12
11	15	1.15106e-10
12	15	2.96862e-09
13	15	5.96263e-08
14	15	9.32712e-07
15	15	1.13628e-05
16	15	0.000107807
17	15	0.000796591
18	15	0.00458406
19	15	0.0205443
20	15	0.0717068
21	15	0.194919
22	15	0.412644
23	15	0.680335
24	15	0.873568
25	15	0.873568
26	15	0.680335
27	15	0.412644
28	15	0.194919
29	15	0.0717068
30	15	0.0205443
31	15	0.00458406
32	15	0.000796591
33	15	0.000107807
34	15	1.13628e-05
35	15	9.32712e-07
36	15	5.96263e-08
37	15	2.96862e-09
38	15	1.15106e-10
39	15	3.47589e-12
40	15	8.17452e-14
41	15	1.49722e-15
42	15	2.13566e-17
43	15	2.37251e-19
44	15	2.05262e-21
45	15	1.38305e-23
46	15	7.25756e-26
47	15	2.966e-28
48	15	9.44012e-31
49	15	2.33997e-33

0	16	2.58471e-33
1	16	1.04275e-30
2	16	3.27621e-28
3	16	8.01663e-26
4	16	1.5277e-23
5	16	2.26731e-21
6	16	2.62065e-19
7	16	2.35903e-17
8	16	1.65381e-15
9	16	9.0295e-14
10	16	3.83944e-12
11	16	1.27145e-10
12	16	3.27911e-09
13	16	6.58626e-08
14	16	1.03027e-06
15	16	1.25512e-05
16	16	0.000119082
17	16	0.000879907
18	16	0.00506351
19	16	0.0226931
20	16	0.0792067
21	16	0.215306
22	16	0.455803
23	16	0.751492
24	16	0.964935
25	16	0.964935
26	16	0.751492
27	16	0.455803
28	16	0.215306
29	16	0.0792067
30	16	0.0226931
31	16	0.00506351
32	16	0.000879907
33	16	0.000119082
34	16	1.25512e-05
35	16	1.03027e-06
36	16	6.58626e-08
37	16	3.27911e-09
38	16	1.27145e-10
39	16	3.83944e-12
40	16	9.0295e-14
41	16	1.65381e-15
42	16	2.35903e-17
43	16	2.62065e-19
44	16	2.26731e-21
45	16	1.5277e-23
46	16	8.01663e-26
47	16	3.27621e-28
48	16	1.04275e-30
49	16	2.58471e-33

0	17	2.21236e-33
1	17	8.92528e-31
2	17	2.80424e-28
3	17	6.86175e-26
4	17	1.30762e-23
5	17	1.94068e-21
6	17	2.24312e-19
7	17	2.01919e-17
8	17	1.41556e-15
9	17	7.72871e-14
10	17	3.28633e-12
11	17	1.08828e-10
12	17	2.80672e-09
13	17	5.63744e-08
14	17	8.81845e-07
15	17	1.07431e-05
16	17	0.000101927
17	17	0.000753147
18	17	0.00433406
19	17	0.0194239
20	17	0.0677961
21	17	0.184289
22	17	0.39014
23	17	0.643232
24	17	0.825926
25	17	0.825926
26	17	0.643232
27	17	0.39014
28	17	0.184289
29	17	0.0677961
30	17	0.0194239
31	17	0.00433406
32	17	0.000753147
33	17	0.000101927
34	17	1.07431e-05
35	17	8.81845e-07
36	17	5.63744e-08
37	17	2.80672e-09
38	17	1.08828e-10
39	17	3.28633e-12
40	17	7.72871e-14
41	17	1.41556e-15
42	17	2.01919e-17
43	17	2.24312e-19
44	17	1.94068e-21
45	17	1.30762e-23
46	17	6.86175e-26
47	17	2.80424e-28
48	17	8.92528e-31
49	17	2.21236e-33

0	18	1.51631e-33
1	18	6.11723e-31
2	18	1.92198e-28
3	18	4.70293e-26
4	18	8.96219e-24
5	18	1.33011e-21
6	18	1.53739e-19
7	18	1.38392e-17
8	18	9.70202e-16
9	18	5.29712e-14
10	18	2.25239e-12
11	18	7.4589e-11
12	18	1.92368e-09
13	18	3.86381e-08
14	18	6.04401e-07
15	18	7.36311e-06
16	18	6.98593e-05
17	18	0.000516194
18	18	0.00297049
19	18	0.0133128
20	18	0.0464663
21	18	0.126309
22	18	0.267395
23	18	0.44086
24	18	0.566076
25	18	0.566076
26	18	0.44086
27	18	0.267395
28	18	0.126309
29	18	0.0464663
30	18	0.0133128
31	18	0.00297049
32	18	0.000516194
33	18	6.98593e-05
34	18	7.36311e-06
35	18	6.04401e-07
36	18	3.86381e-08
37	18	1.92368e-09
38	18	7.4589e-11
39	18	2.25239e-12
40	18	5.29712e-14
41	18	9.70202e-16
42	18	1.38392e-17
43	18	1.53739e-19
44	18	1.33011e-21
45	18	8.96219e-24
46	18	4.70293e-26
47	18	1.92198e-28
48	18	6.11723e-31
49	18	1.51631e-33

0	19	8.32169e-34
1	19	3.35721e-31
2	19	1.0548e-28
3	19	2.58102e-26
4	19	4.91855e-24
5	19	7.29978e-22
6	19	8.4374e-20
7	19	7.59511e-18
8	19	5.32458e-16
9	19	2.90712e-14
10	19	1.23614e-12
11	19	4.09353e-11
12	19	1.05574e-09
13	19	2.1205e-08
14	19	3.31702e-07
15	19	4.04096e-06
16	19	3.83396e-05
17	19	0.000283293
18	19	0.00163024
19	19	0.00730623
20	19	0.0255013
21	19	0.0693196
22	19	0.14675
23	19	0.241949
24	19	0.310669
25	19	0.310669
26	19	0.241949
27	19	0.14675
28	19	0.0693196
29	19	0.0255013
30	19	0.00730623
31	19	0.00163024
32	19	0.000283293
33	19	3.83396e-05
34	19	4.04096e-06
35	19	3.31702e-07
36	19	2.1205e-08
37	19	1.05574e-09
38	19	4.09353e-11
39	19	1.23614e-12
40	19	2.90712e-14
41	19	5.32458e-16
42	19	7.59511e-18
43	19	8.4374e-20
44	19	7.29978e-22
45	19	4.91855e-24
46	19	2.58102e-26
47	19	1.0548e-28
48	19	3.35721e-31
49	19	8.32169e-34

0	20	3.657e-34
1	20	1.47534e-31
2	20	4.63538e-29
3	20	1.13424e-26
4	20	2.16148e-24
5	20	3.20792e-22
6	20	3.70785e-20
7	20	3.3377e-18
8	20	2.33991e-16
9	20	1.27755e-14
10	20	5.43227e-13
11	20	1.79892e-11
12	20	4.63947e-10
13	20	9.31863e-09
14	20	1.45768e-07
15	20	1.77582e-06
16	20	1.68485e-05
17	20	0.000124494
18	20	0.000716416
19	20	0.00321075
20	20	0.0112066
21	20	0.0304628
22	20	0.0644897
23	20	0.106326
24	20	0.136525
25	20	0.136525
26	20	0.106326
27	20	0.0644897
28	20	0.0304628
29	20	0.0112066
30	20	0.00321075
31	20	0.000716416
32	20	0.000124494
33	20	1.68485e-05
34	20	1.77582e-06
35	20	1.45768e-07
36	20	9.31863e-09
37	20	4.63947e-10
38	20	1.79892e-11
39	20	5.43227e-13
40	20	1.27755e-14
41	20	2.33991e-16
42	20	3.3377e-18
43	20	3.70785e-20
44	20	3.20792e-22
45	20	2.16148e-24
46	20	1.13424e-26
47	20	4.63538e-29
48	20	1.47534e-31
49	20	3.657e-34

0	21	1.28685e-34
1	21	5.19153e-32
2	21	1.63113e-29
3	21	3.99125e-27
4	21	7.60597e-25
5	21	1.12883e-22
6	21	1.30475e-20
7	21	1.17449e-18
8	21	8.23384e-17
9	21	4.49552e-15
10	21	1.91155e-13
11	21	6.33017e-12
12	21	1.63257e-10
13	21	3.27911e-09
14	21	5.12939e-08
15	21	6.24888e-07
16	21	5.92877e-06
17	21	4.3808e-05
18	21	0.000252098
19	21	0.00112982
20	21	0.00394347
21	21	0.0107195
22	21	0.0226931
23	21	0.0374146
24	21	0.0480413
25	21	0.0480413
26	21	0.0374146
27	21	0.0226931
28	21	0.0107195
29	21	0.00394347
30	21	0.00112982
31	21	0.000252098
32	21	4.3808e-05
33	21	5.92877e-06
34	21	6.24888e-07
35	21	5.12939e-08
36	21	3.27911e-09
37	21	1.63257e-10
38	21	6.33017e-12
39	21	1.91155e-13
40	21	4.49552e-15
41	21	8.23384e-17
42	21	1.17449e-18
43	21	1.30475e-20
44	21	1.12883e-22
45	21	7.60597e-25
46	21	3.99125e-27
47	21	1.63113e-29
48	21	5.19153e-32
49	21	1.28685e-34

0	22	3.62595e-35
1	22	1.46281e-32
2	22	4.59602e-30
3	22	1.12461e-27
4	22	2.14313e-25
5	22	3.18068e-23
6	22	3.67637e-21
7	22	3.30936e-19
8	22	2.32004e-17
9	22	1.2667e-15
10	22	5.38615e-14
11	22	1.78365e-12
12	22	4.60009e-11
13	22	9.23952e-10
14	22	1.4453e-08
15	22	1.76074e-07
16	22	1.67054e-06
17	22	1.23437e-05
18	22	7.10334e-05
19	22	0.000318349
20	22	0.00111115
21	22	0.00302042
22	22	0.00639422
23	22	0.0105423
24	22	0.0135366
25	22	0.0135366
26	22	0.0105423
27	22	0.00639422
28	22	0.00302042
29	22	0.00111115
30	22	0.000318349
31	22	7.10334e-05
32	22	1.23437e-05
33	22	1.67054e-06
34	22	1.76074e-07
35	22	1.4453e-08
36	22	9.23952e-10
37	22	4.60009e-11
38	22	1.78365e-12
39	22	5.38615e-14
40	22	1.2667e-15
41	22	2.32004e-17
42	22	3.30936e-19
43	22	3.67637e-21
44	22	3.18068e-23
45	22	2.14313e-25
46	22	1.12461e-27
47	22	4.59602e-30
48	22	1.46281e-32
49	22	3.62595e-35

0	23	8.181e-36
1	23	3.30045e-33
2	23	1.03697e-30
3	23	2.53738e-28
4	23	4.8354e-26
5	23	7.17636e-24
6	23	8.29475e-22
7	23	7.4667e-20
8	23	5.23456e-18
9	23	2.85797e-16
10	23	1.21524e-14
11	23	4.02432e-13
12	23	1.03789e-11
13	23	2.08465e-10
14	23	3.26094e-09
15	23	3.97264e-08
16	23	3.76914e-07
17	23	2.78504e-06
18	23	1.60268e-05
19	23	7.18271e-05
20	23	0.000250701
21	23	0.000681476
22	23	0.00144269
23	23	0.00237859
24	23	0.00305416
25	23	0.00305416
26	23	0.00237859
27	23	0.00144269
28	23	0.000681476
29	23	0.000250701
30	23	7.18271e-05
31	23	1.60268e-05
32	23	2.78504e-06
33	23	3.76914e-07
34	23	3.97264e-08
35	23	3.26094e-09
36	23	2.08465e-10
37	23	1.03789e-11
38	23	4.02432e-13
39	23	1.21524e-14
40	23	2.85797e-16
41	23	5.23456e-18
42	23	7.4667e-20
43	23	8.29475e-22
44	23	7.17636e-24
45	23	4.8354e-26
46	23	2.53738e-28
47	23	1.03697e-30
48	23	3.30045e-33
49	23	8.181e-36

0	24	1.47802e-36
1	24	5.96275e-34
2	24	1.87344e-31
3	24	4.58416e-29
4	24	8.73586e-27
5	24	1.29652e-24
6	24	1.49857e-22
7	24	1.34897e-20
8	24	9.457e-19
9	24	5.16335e-17
10	24	2.19551e-15
11	24	7.27054e-14
12	24	1.8751e-12
13	24	3.76623e-11
14	24	5.89138e-10
15	24	7.17717e-09
16	24	6.80951e-08
17	24	5.03158e-07
18	24	2.89548e-06
19	24	1.29766e-05
20	24	4.52929e-05
21	24	0.000123119
22	24	0.000260642
23	24	0.000429727
24	24	0.00055178
25	24	0.00055178
26	24	0.000429727
27	24	0.000260642
28	24	0.000123119
29	24	4.52929e-05
30	24	1.29766e-05
31	24	2.89548e-06
32	24	5.03158e-07
33	24	6.80951e-08
34	24	7.17717e-09
35	24	5.89138e-10
36	24	3.76623e-11
37	24	1.8751e-12
38	24	7.27054e-14
39	24	2.19551e-15
40	24	5.16335e-17
41	24	9.457e-19
42	24	1.34897e-20
43	24	1.49857e-22
44	24	1.29652e-24
45	24	8.73586e-27
46	24	4.58416e-29
47	24	1.87344e-31
48	24	5.96275e-34
49	24	1.47802e-36

0	25	2.13818e-37
1	25	8.62603e-35
2	25	2.71022e-32
3	25	6.63169e-30
4	25	1.26378e-27
5	25	1.87561e-25
6	25	2.16791e-23
7	25	1.95149e-21
8	25	1.3681e-19
9	25	7.46957e-18
10	25	3.17614e-16
11	25	1.05179e-14
12	25	2.71261e-13
13	25	5.44843e-12
14	25	8.52278e-11
15	25	1.03829e-09
16	25	9.85099e-09
17	25	7.27895e-08
18	25	4.18875e-07
19	25	1.87727e-06
20	25	6.5523e-06
21	25	1.7811e-05
22	25	3.77059e-05
23	25	6.21665e-05
24	25	7.98234e-05
25	25	7.98234e-05
26	25	6.21665e-05
27	25	3.77059e-05
28	25	1.7811e-05
29	25	6.5523e-06
30	25	1.87727e-06
31	25	4.18875e-07
32	25	7.27895e-08
33	25	9.85099e-09
34	25	1.03829e-09
35	25	8.52278e-11
36	25	5.44843e-12
37	25	2.71261e-13
38	25	1.05179e-14
39	25	3.17614e-16
40	25	7.46957e-18
41	25	1.3681e-19
42	25	1.95149e-21
43	25	2.16791e-23
44	25	1.87561e-25
45	25	1.26378e-27
46	25	6.63169e-30
47	25	2.71022e-32
48	25	8.62603e-35
49	25	2.13818e-37

0	26	2.47684e-38
1	26	9.99229e-36
2	26	3.13948e-33
3	26	7.68207e-31
4	26	1.46394e-28
5	26	2.17268e-26
6	26	2.51128e-24
7	26	2.26058e-22
8	26	1.58479e-20
9	26	8.65266e-19
10	26	3.67921e-17
11	26	1.21839e-15
12	26	3.14226e-14
13	26	6.3114e-13
14	26	9.87268e-12
15	26	1.20274e-10
16	26	1.14113e-09
17	26	8.43185e-09
18	26	4.8522e-08
19	26	2.1746e-07
20	26	7.59011e-07
21	26	2.06321e-06
22	26	4.36781e-06
23	26	7.2013e-06
24	26	9.24665e-06
25	26	9.24665e-06
26	26	7.2013e-06
27	26	4.36781e-06
28	26	2.06321e-06
29	26	7.59011e-07
30	26	2.1746e-07
31	26	4.8522e-08
32	26	8.43185e-09
33	26	1.14113e-09
34	26	1.20274e-10
35	26	9.87268e-12
36	26	6.3114e-13
37	26	3.14226e-14
38	26	1.21839e-15
39	26	3.67921e-17
40	26	8.65266e-19
41	26	1.58479e-20
42	26	2.26058e-22
43	26	2.51128e-24
44	26	2.17268e-26
45	26	1.46394e-28
46	26	7.68207e-31
47	26	3.13948e-33
48	26	9.99229e-36
49	26	2.47684e-38

0	27	2.29743e-39
1	27	9.26849e-37
2	27	2.91207e-34
3	27	7.12561e-32
4	27	1.3579e-29
5	27	2.0153e-27
6	27	2.32937e-25
7	27	2.09684e-23
8	27	1.47e-21
9	27	8.0259e-20
10	27	3.4127e-18
11	27	1.13013e-16
12	27	2.91465e-15
13	27	5.85423e-14
14	27	9.15755e-13
15	27	1.11562e-11
16	27	1.05847e-10
17	27	7.82109e-10
18	27	4.50072e-09
19	27	2.01708e-08
20	27	7.04032e-08
21	27	1.91376e-07
22	27	4.05142e-07
23	27	6.67967e-07
24	27	8.57686e-07
25	27	8.57686e-07
26	27	6.67967e-07
27	27	4.05142e-07
28	27	1.91376e-07
29	27	7.04032e-08
30	27	2.01708e-08
31	27	4.50072e-09
32	27	7.82109e-10
33	27	1.05847e-10
34	27	1.11562e-11
35	27	9.15755e-13
36	27	5.85423e-14
37	27	2.91465e-15
38	27	1.13013e-16
39	27	3.4127e-18
40	27	8.0259e-20
41	27	1.47e-21
42	27	2.09684e-23
43	27	2.32937e-25
44	27	2.0153e-27
45	27	1.3579e-29
46	27	7.12561e-32
47	27	2.91207e-34
48	27	9.26849e-37
49	27	2.29743e-39

0	28	1.70639e-40
1	28	6.88405e-38
2	28	2.1629e-35
3	28	5.29245e-33
4	28	1.00856e-30
5	28	1.49684e-28
6	28	1.73011e-26
7	28	1.5574e-24
8	28	1.09182e-22
9	28	5.96113e-21
10	28	2.53474e-19
11	28	8.3939e-18
12	28	2.16481e-16
13	28	4.34815e-15
14	28	6.80164e-14
15	28	8.2861e-13
16	28	7.86163e-12
17	28	5.809e-11
18	28	3.34285e-10
19	28	1.49816e-09
20	28	5.2291e-09
21	28	1.42142e-08
22	28	3.00914e-08
23	28	4.96123e-08
24	28	6.37035e-08
25	28	6.37035e-08
26	28	4.96123e-08
27	28	3.00914e-08
28	28	1.42142e-08
29	28	5.2291e-09
30	28	1.49816e-09
31	28	3.34285e-10
32	28	5.809e-11
33	28	7.86163e-12
34	28	8.2861e-13
35	28	6.80164e-14
36	28	4.34815e-15
37	28	2.16481e-16
38	28	8.3939e-18
39	28	2.53474e-19
40	28	5.96113e-21
41	28	1.09182e-22
42	28	1.5574e-24
43	28	1.73011e-26
44	28	1.49684e-28
45	28	1.00856e-30
46	28	5.29245e-33
47	28	2.1629e-35
48	28	6.88405e-38
49	28	1.70639e-40

0	29	1.01482e-41
1	29	4.09419e-39
2	29	1.28636e-36
3	29	3.14761e-34
4	29	5.99828e-32
5	29	8.90223e-30
6	29	1.02896e-27
7	29	9.26239e-26
8	29	6.49343e-24
9	29	3.54529e-22
10	29	1.5075e-20
11	29	4.99215e-19
12	29	1.28749e-17
13	29	2.586e-16
14	29	4.04518e-15
15	29	4.92804e-14
16	29	4.67559e-13
17	29	3.45482e-12
18	29	1.98811e-11
19	29	8.9101e-11
20	29	3.10993e-10
21	29	8.45367e-10
22	29	1.78964e-09
23	29	2.95062e-09
24	29	3.78867e-09
25	29	3.78867e-09
26	29	2.95062e-09
27	29	1.78964e-09
28	29	8.45367e-10
29	29	3.10993e-10
30	29	8.9101e-11
31	29	1.98811e-11
32	29	3.45482e-12
33	29	4.67559e-13
34	29	4.92804e-14
35	29	4.04518e-15
36	29	2.586e-16
37	29	1.28749e-17
38	29	4.99215e-19
39	29	1.5075e-20
40	29	3.54529e-22
41	29	6.49343e-24
42	29	9.26239e-26
43	29	1.02896e-27
44	29	8.90223e-30
45	29	5.99828e-32
46	29	3.14761e-34
47	29	1.28636e-36
48	29	4.09419e-39
49	29	1.01482e-41

0	30	4.83448e-43
1	30	1.94977e-40
2	30	6.126e-38
3	30	1.49898e-35
4	30	2.85655e-33
5	30	4.2395e-31
6	30	4.9002e-29
7	30	4.41102e-27
8	30	3.09236e-25
9	30	1.68837e-23
10	30	7.17914e-22
11	30	2.37741e-20
12	30	6.13141e-19
13	30	1.23153e-17
14	30	1.92643e-16
15	30	2.34687e-15
16	30	2.22665e-14
17	30	1.64529e-13
18	30	9.46797e-13
19	30	4.24325e-12
20	30	1.48104e-11
21	30	4.02588e-11
22	30	8.52279e-11
23	30	1.40517e-10
24	30	1.80428e-10
25	30	1.80428e-10
26	30	1.40517e-10
27	30	8.52279e-11
28	30	4.02588e-11
29	30	1.48104e-11
30	30	4.24325e-12
31	30	9.46797e-13
32	30	1.64529e-13
33	30	2.22665e-14
34	30	2.34687e-15
35	30	1.92643e-16
36	30	1.23153e-17
37	30	6.13141e-19
38	30	2.37741e-20
39	30	7.17914e-22
40	30	1.68837e-23
41	30	3.09236e-25
42	30	4.41102e-27
43	30	4.9002e-29
44	30	4.2395e-31
45	30	2.85655e-33
46	30	1.49898e-35
47	30	6.126e-38
48	30	1.94977e-40
49	30	4.83448e-43

0	31	1.82169e-44
1	31	7.43529e-42
2	31	2.33604e-39
3	31	5.71611e-37
4	31	1.0893e-34
5	31	1.61666e-32
6	31	1.86861e-30
7	31	1.68207e-28
8	31	1.17922e-26
9	31	6.43832e-25
10	31	2.73764e-23
11	31	9.06583e-22
12	31	2.33811e-20
13	31	4.69621e-19
14	31	7.34611e-18
15	31	8.9494e-17
16	31	8.49095e-16
17	31	6.27401e-15
18	31	3.61045e-14
19	31	1.61809e-13
20	31	5.64769e-13
21	31	1.5352e-12
22	31	3.25002e-12
23	31	5.35838e-12
24	31	6.88029e-12
25	31	6.88029e-12
26	31	5.35838e-12
27	31	3.25002e-12
28	31	1.5352e-12
29	31	5.64769e-13
30	31	1.61809e-13
31	31	3.61045e-14
32	31	6.27401e-15
33	31	8.49095e-16
34	31	8.9494e-17
35	31	7.34611e-18
36	31	4.69621e-19
37	31	2.33811e-20
38	31	9.06583e-22
39	31	2.73764e-23
40	31	6.43832e-25
41	31	1.17922e-26
42	31	1.68207e-28
43	31	1.86861e-30
44	31	1.61666e-32
45	31	1.0893e-34
46	31	5.71611e-37
47	31	2.33604e-39
48	31	7.43529e-42
49	31	1.82169e-44

0	32	0
1	32	2.2701e-43
2	32	7.13303e-41
3	32	1.7454e-38
4	32	3.32614e-36
5	32	4.93643e-34
6	32	5.70573e-32
7	32	5.13614e-30
8	32	3.60071e-28
9	32	1.96592e-26
10	32	8.35931e-25
11	32	2.76822e-23
12	32	7.13934e-22
13	32	1.43397e-20
14	32	2.24311e-19
15	32	2.73267e-18
16	32	2.59269e-17
17	32	1.91575e-16
18	32	1.10244e-15
19	32	4.94079e-15
20	32	1.7245e-14
21	32	4.68769e-14
22	32	9.92384e-14
23	32	1.63616e-13
24	32	2.10088e-13
25	32	2.10088e-13
26	32	1.63616e-13
27	32	9.92384e-14
28	32	4.68769e-14
29	32	1.7245e-14
30	32	4.94079e-15
31	32	1.10244e-15
32	32	1.91575e-16
33	32	2.59269e-17
34	32	2.73267e-18
35	32	2.24311e-19
36	32	1.43397e-20
37	32	7.13934e-22
38	32	2.76822e-23
39	32	8.35931e-25
40	32	1.96592e-26
41	32	3.60071e-28
42	32	5.13614e-30
43	32	5.70573e-32
44	32	4.93643e-34
45	32	3.32614e-36
46	32	1.7454e-38
47	32	7.13303e-41
48	32	2.2701e-43
49	32	0

0	33	0
1	33	5.60519e-45
2	33	1.74462e-42
3	33	4.26756e-40
4	33	8.13252e-38
5	33	1.20697e-35
6	33	1.39507e-33
7	33	1.2558e-31
8	33	8.80386e-30
9	33	4.80674e-28
10	33	2.04388e-26
11	33	6.7684e-25
12	33	1.74559e-23
13	33	3.50612e-22
14	33	5.48449e-21
15	33	6.68148e-20
16	33	6.33921e-19
17	33	4.68408e-18
18	33	2.6955e-17
19	33	1.20804e-16
20	33	4.21647e-16
21	33	1.14616e-15
22	33	2.42641e-15
23	33	4.00048e-15
24	33	5.13671e-15
25	33	5.13671e-15
26	33	4.00048e-15
27	33	2.42641e-15
28	33	1.14616e-15
29	33	4.21647e-16
30	33	1.20804e-16
31	33	2.6955e-17
32	33	4.68408e-18
33	33	6.33921e-19
34	33	6.68148e-20
35	33	5.48449e-21
36	33	3.50612e-22
37	33	1.74559e-23
38	33	6.7684e-25
39	33	2.04388e-26
40	33	4.80674e-28
41	33	8.80386e-30
42	33	1.2558e-31
43	33	1.39507e-33
44	33	1.20697e-35
45	33	8.13252e-38
46	33	4.26756e-40
47	33	1.74462e-42
48	33	5.60519e-45
49	33	0

0	34	0
1	34	0
2	34	3.36312e-44
3	34	8.35454e-42
4	34	1.5922e-39
5	34	2.36304e-37
6	34	2.7313e-35
7	34	2.45864e-33
8	34	1.72364e-31
9	34	9.41074e-30
10	34	4.00155e-28
11	34	1.32513e-26
12	34	3.41756e-25
13	34	6.86435e-24
14	34	1.07376e-22
15	34	1.30811e-21
16	34	1.2411e-20
17	34	9.17058e-20
18	34	5.27731e-19
19	34	2.36512e-18
20	34	8.2551e-18
21	34	2.24397e-17
22	34	4.75048e-17
23	34	7.83222e-17
24	34	1.00568e-16
25	34	1.00568e-16
26	34	7.83222e-17
27	34	4.75048e-17
28	34	2.24397e-17
29	34	8.2551e-18
30	34	2.36512e-18
31	34	5.27731e-19
32	34	9.17058e-20
33	34	1.2411e-20
34	34	1.30811e-21
35	34	1.07376e-22
36	34	6.86435e-24
37	34	3.41756e-25
38	34	1.32513e-26
39	34	4.00155e-28
40	34	9.41074e-30
41	34	1.72364e-31
42	34	2.45864e-33
43	34	2.7313e-35
44	34	2.36304e-37
45	34	1.5922e-39
46	34	8.35454e-42
47	34	3.36312e-44
48	34	0
49	34	0

0	35	0
1	35	0
2	35	0
3	35	1.30321e-43
4	35	2.49613e-41
5	35	3.70457e-39
6	35	4.28189e-37
7	35	3.85444e-35
8	35	2.70217e-33
9	35	1.47533e-31
10	35	6.27328e-30
11	35	2.07743e-28
12	35	5.35775e-27
13	35	1.07613e-25
14	35	1.68336e-24
15	35	2.05075e-23
16	35	1.94569e-22
17	35	1.43768e-21
18	35	8.27331e-21
19	35	3.70784e-20
20	35	1.29416e-19
21	35	3.5179e-19
22	35	7.44739e-19
23	35	1.22787e-18
24	35	1.57661e-18
25	35	1.57661e-18
26	35	1.22787e-18
27	35	7.44739e-19
28	35	3.5179e-19
29	35	1.29416e-19
30	35	3.70784e-20
31	35	8.27331e-21
32	35	1.43768e-21
33	35	1.94569e-22
34	35	2.05075e-23
35	35	1.68336e-24
36	35	1.07613e-25
37	35	5.35775e-27
38	35	2.07743e-28
39	35	6.27328e-30
40	35	1.47533e-31
41	35	2.70217e-33
42	35	3.85444e-35
43	35	4.28189e-37
44	35	3.70457e-39
45	35	2.49613e-41
46	35	1.30321e-43
47	35	0
48	35	0
49	35	0

0	36	0
1	36	0
2	36	0
3	36	1.4013e-45
4	36	3.13891e-43
5	36	4.65049e-41
6	36	5.37516e-39
7	36	4.83857e-37
8	36	3.3921e-35
9	36	1.85202e-33
10	36	7.875e-32
11	36	2.60784e-30
12	36	6.72571e-29
13	36	1.3509e-27
14	36	2.11316e-26
15	36	2.57435e-25
16	36	2.44248e-24
17	36	1.80476e-23
18	36	1.03857e-22
19	36	4.65454e-22
20	36	1.62459e-21
21	36	4.4161e-21
22	36	9.34888e-21
23	36	1.54137e-20
24	36	1.97916e-20
25	36	1.97916e-20
26	36	1.54137e-20
27	36	9.34888e-21
28	36	4.4161e-21
29	36	1.62459e-21
30	36	4.65454e-22
31	36	1.03857e-22
32	36	1.80476e-23
33	36	2.44248e-24
34	36	2.57435e-25
35	36	2.11316e-26
36	36	1.3509e-27
37	36	6.72571e-29
38	36	2.60784e-30
39	36	7.875e-32
40	36	1.85202e-33
41	36	3.3921e-35
42	36	4.83857e-37
43	36	5.37516e-39
44	36	4.65049e-41
45	36	3.13891e-43
46	36	1.4013e-45
47	36	0
48	36	0
49	36	0

0	37	0
1	37	0
2	37	0
3	37	0
4	37	2.8026e-45
5	37	4.68034e-43
6	37	5.40299e-41
7	37	4.86364e-39
8	37	3.40967e-37
9	37	1.86162e-35
10	37	7.9158e-34
11	37	2.62135e-32
12	37	6.76056e-31
13	37	1.35789e-29
14	37	2.1241e-28
15	37	2.58769e-27
16	37	2.45513e-26
17	37	1.81411e-25
18	37	1.04395e-24
19	37	4.67865e-24
20	37	1.63301e-23
21	37	4.43898e-23
22	37	9.39732e-23
23	37	1.54936e-22
24	37	1.98941e-22
25	37	1.98941e-22
26	37	1.54936e-22
27	37	9.39732e-23
28	37	4.43898e-23
29	37	1.63301e-23
30	37	4.67865e-24
31	37	1.04395e-24
32	37	1.81411e-25
33	37	2.45513e-26
34	37	2.58769e-27
35	37	2.1241e-28
36	37	1.35789e-29
37	37	6.76056e-31
38	37	2.62135e-32
39	37	7.9158e-34
40	37	1.86162e-35
41	37	3.40967e-37
42	37	4.86364e-39
43	37	5.40299e-41
44	37	4.68034e-43
45	37	2.8026e-45
46	37	0
47	37	0
48	37	0
49	37	0

0	38	0
1	38	0
2	38	0
3	38	0
4	38	0
5	38	4.2039e-45
6	38	4.34403e-43
7	38	3.91467e-41
8	38	2.74441e-39
9	38	1.4984e-37
10	38	6.37135e-36
11	38	2.1099e-34
12	38	5.44151e-33
13	38	1.09296e-31
14	38	1.70967e-30
15	38	2.08281e-29
16	38	1.97611e-28
17	38	1.46016e-27
18	38	8.40264e-27
19	38	3.7658e-26
20	38	1.31439e-25
21	38	3.57289e-25
22	38	7.56381e-25
23	38	1.24706e-24
24	38	1.60126e-24
25	38	1.60126e-24
26	38	1.24706e-24
27	38	7.56381e-25
28	38	3.57289e-25
29	38	1.31439e-25
30	38	3.7658e-26
31	38	8.40264e-27
32	38	1.46016e-27
33	38	1.97611e-28
34	38	2.08281e-29
35	38	1.70967e-30
36	38	1.09296e-31
37	38	5.44151e-33
38	38	2.1099e-34
39	38	6.37135e-36
40	38	1.4984e-37
41	38	2.74441e-39
42	38	3.91467e-41
43	38	4.34403e-43
44	38	4.2039e-45
45	38	0
46	38	0
47	38	0
48	38	0
49	38	0

0	39	0
1	39	0
2	39	0
3	39	0
4	39	0
5	39	0
6	39	2.8026e-45
7	39	2.52234e-43
8	39	1.76872e-41
9	39	9.65723e-40
10	39	4.10636e-38
11	39	1.35984e-36
12	39	3.50707e-35
13	39	7.04414e-34
14	39	1.10189e-32
15	39	1.34238e-31
16	39	1.27361e-30
17	39	9.41078e-30
18	39	5.41553e-29
19	39	2.42707e-28
20	39	8.47131e-28
21	39	2.30274e-27
22	39	4.8749e-27
23	39	8.03736e-27
24	39	1.03202e-26
25	39	1.03202e-26
26	39	8.03736e-27
27	39	4.8749e-27
28	39	2.30274e-27
29	39	8.47131e-28
30	39	2.42707e-28
31	39	5.41553e-29
32	39	9.41078e-30
33	39	1.27361e-30
34	39	1.34238e-31
35	39	1.10189e-32
36	39	7.04414e-34
37	39	3.50707e-35
38	39	1.35984e-36
39	39	4.10636e-38
40	39	9.65723e-40
41	39	1.76872e-41
42	39	2.52234e-43
43	39	2.8026e-45
44	39	0
45	39	0
46	39	0
47	39	0
48	39	0
49	39	0

0	40	0
1	40	0
2	40	0
3	40	0
4	40	0
5	40	0
6	40	0
7	40	1.4013e-45
8	40	9.10844e-44
9	40	4.98442e-42
10	40	2.1192e-40
11	40	7.01784e-39
12	40	1.80992e-37
13	40	3.63533e-36
14	40	5.68661e-35
15	40	6.92771e-34
16	40	6.57283e-33
17	40	4.8567e-32
18	40	2.79484e-31
19	40	1.25256e-30
20	40	4.37186e-30
21	40	1.1884e-29
22	40	2.51583e-29
23	40	4.14791e-29
24	40	5.32602e-29
25	40	5.32602e-29
26	40	4.14791e-29
27	40	2.51583e-29
28	40	1.1884e-29
29	40	4.37186e-30
30	40	1.25256e-30
31	40	2.79484e-31
32	40	4.8567e-32
33	40	6.57283e-33
34	40	6.92771e-34
35	40	5.68661e-35
36	40	3.63533e-36
37	40	1.80992e-37
38	40	7.01784e-39
39	40	2.1192e-40
40	40	4.98442e-42
41	40	9.10844e-44
42	40	1.4013e-45
43	40	0
44	40	0
45	40	0
46	40	0
47	40	0
48	40	0
49	40	0

0	41	0
1	41	0
2	41	0
3	41	0
4	41	0
5	41	0
6	41	0
7	41	0
8	41	0
9	41	2.10195e-44
10	41	8.75812e-43
11	41	2.89999e-41
12	41	7.47932e-40
13	41	1.50226e-38
14	41	2.34993e-37
15	41	2.8628e-36
16	41	2.71615e-35
17	41	2.00698e-34
18	41	1.15494e-33
19	41	5.17607e-33
20	41	1.80662e-32
21	41	4.91091e-32
22	41	1.03964e-31
23	41	1.71408e-31
24	41	2.20092e-31
25	41	2.20092e-31
26	41	1.71408e-31
27	41	1.03964e-31
28	41	4.91091e-32
29	41	1.80662e-32
30	41	5.17607e-33
31	41	1.15494e-33
32	41	2.00698e-34
33	41	2.71615e-35
34	41	2.8628e-36
35	41	2.34993e-37
36	41	1.50226e-38
37	41	7.47932e-40
38	41	2.89999e-41
39	41	8.75812e-43
40	41	2.10195e-44
41	41	0
42	41	0
43	41	0
44	41	0
45	41	0
46	41	0
47	41	0
48	41	0
49	41	0

0	42	0
1	42	0
2	42	0
3	42	0
4	42	0
5	42	0
6	42	0
7	42	0
8	42	0
9	42	0
10	42	2.8026e-45
11	42	9.52883e-44
12	42	2.47469e-42
13	42	4.97097e-41
14	42	7.77595e-40
15	42	9.47305e-39
16	42	8.98778e-38
17	42	6.64112e-37
18	42	3.8217e-36
19	42	1.71277e-35
20	42	5.97814e-35
21	42	1.62503e-34
22	42	3.44018e-34
23	42	5.6719e-34
24	42	7.28287e-34
25	42	7.28287e-34
26	42	5.6719e-34
27	42	3.44018e-34
28	42	1.62503e-34
29	42	5.97814e-35
30	42	1.71277e-35
31	42	3.8217e-36
32	42	6.64112e-37
33	42	8.98778e-38
34	42	9.47305e-39
35	42	7.77595e-40
36	42	4.97097e-41
37	42	2.47469e-42
38	42	9.52883e-44
39	42	2.8026e-45
40	42	0
41	42	0
42	42	0
43	42	0
44	42	0
45	42	0
46	42	0
47	42	0
48	42	0
49	42	0

0	43	0
1	43	0
2	43	0
3	43	0
4	43	0
5	43	0
6	43	0
7	43	0
8	43	0
9	43	0
10	43	0
11	43	0
12	43	7.00649e-45
13	43	1.31722e-43
14	43	2.05991e-42
15	43	2.51001e-41
16	43	2.38145e-40
17	43	1.75967e-39
18	43	1.01262e-38
19	43	4.53824e-38
20	43	1.584e-37
21	43	4.30576e-37
22	43	9.11529e-37
23	43	1.50286e-36
24	43	1.92971e-36
25	43	1.92971e-36
26	43	1.50286e-36
27	43	9.11529e-37
28	43	4.30576e-37
29	43	1.584e-37
30	43	4.53824e-38
31	43	1.01262e-38
32	43	1.75967e-39
33	43	2.38145e-40
34	43	2.51001e-41
35	43	2.05991e-42
36	43	1.31722e-43
37	43	7.00649e-45
38	43	0
39	43	0
40	43	0
41	43	0
42	43	0
43	43	0
44	43	0
45	43	0
46	43	0
47	43	0
48	43	0
49	43	0

0	44	0
1	44	0
2	44	0
3	44	0
4	44	0
5	44	0
6	44	0
7	44	0
8	44	0
9	44	0
10	44	0
11	44	0
12	44	0
13	44	0
14	44	4.2039e-45
15	44	5.32493e-44
16	44	5.05869e-43
17	44	3.73306e-42
18	44	2.14847e-41
19	44	9.62846e-41
20	44	3.36069e-40
21	44	9.13529e-40
22	44	1.93394e-39
23	44	3.18853e-39
24	44	4.09416e-39
25	44	4.09416e-39
26	44	3.18853e-39
27	44	1.93394e-39
28	44	9.13529e-40
29	44	3.36069e-40
30	44	9.62846e-41
31	44	2.14847e-41
32	44	3.73306e-42
33	44	5.05869e-43
34	44	5.32493e-44
35	44	4.2039e-45
36	44	0
37	44	0
38	44	0
39	44	0
40	44	0
41	44	0
42	44	0
43	44	0
44	44	0
45	44	0
46	44	0
47	44	0
48	44	0
49	44	0

0	45	0
1	45	0
2	45	0
3	45	0
4	45	0
5	45	0
6	45	0
7	45	0
8	45	0
9	45	0
10	45	0
11	45	0
12	45	0
13	45	0
14	45	0
15	45	0
16	45	1.4013e-45
17	45	7.00649e-45
18	45	3.64338e-44
19	45	1.63952e-43
20	45	5.70328e-43
21	45	1.55124e-42
22	45	3.28604e-42
23	45	5.41742e-42
24	45	6.95464e-42
25	45	6.95464e-42
26	45	5.41742e-42
27	45	3.28604e-42
28	45	1.55124e-42
29	45	5.70328e-43
30	45	1.63952e-43
31	45	3.64338e-44
32	45	7.00649e-45
33	45	1.4013e-45
34	45	0
35	45	0
36	45	0
37	45	0
38	45	0
39	45	0
40	45	0
41	45	0
42	45	0
43	45	0
44	45	0
45	45	0
46	45	0
47	45	0
48	45	0
49	45	0

0	46	0
1	46	0
2	46	0
3	46	0
4	46	0
5	46	0
6	46	0
7	46	0
8	46	0
9	46	0
10	46	0
11	46	0
12	46	0
13	46	0
14	46	0
15	46	0
16	46	0
17	46	0
18	46	0
19	46	0
20	46	1.4013e-45
21	46	2.8026e-45
22	46	4.2039e-45
23	46	7.00649e-45
24	46	9.80909e-45
25	46	9.80909e-45
26	46	7.00649e-45
27	46	4.2039e-45
28	46	2.8026e-45
29	46	1.4013e-45
30	46	0
31	46	0
32	46	0
33	46	0
34	46	0
35	46	0
36	46	0
37	46	0
38	46	0
39	46	0
40	46	0
41	46	0
42	46	0
43	46	0
44	46	0
45	46	0
46	46	0
47	46	0
48	46	0
49	46	0

0	47	0
1	47	0
2	47	0
3	47	0
4	47	0
5	47	0
6	47	0
7	47	0
8	47	0
9	47	0
10	47	0
11	47	0
12	47	0
13	47	0
14	47	0
15	47	0
16	47	0
17	47	0
18	47	0
19	47	0
20	47	0
21	47	0
22	47	0
23	47	0
24	47	0
25	47	0
26	47	0
27	47	0
28	47	0
29	47	0
30	47	0
31	47	0
32	47	0
33	47	0
34	47	0
35	47	0
36	47	0
37	47	0
38	47	0
39	47	0
40	47	0
41	47	0
42	47	0
43	47	0
44	47	0
45	47	0
46	47	0
47	47	0
48	47	0
49	47	0

0	48	0
1	48	0
2	48	0
3	48	0
4	48	0
5	48	0
6	48	0
7	48	0
8	48	0
9	48	0
10	48	0
11	48	0
12	48	0
13	48	0
14	48	0
15	48	0
16	48	0
17	48	0
18	48	0
19	48	0
20	48	0
21	48	0
22	48	0
23	48	0
24	48	0
25	48	0
26	48	0
27	48	0
28	48	0
29	48	0
30	48	0
31	48	0
32	48	0
33	48	0
34	48	0
35	48	0
36	48	0
37	48	0
38	48	0
39	48	0
40	48	0
41	48	0
42	48	0
43	48	0
44	48	0
45	48	0
46	48	0
47	48	0
48	48	0
49	48	0

0	49	0
1	49	0
2	49	0
3	49	0
4	49	0
5	49	0
6	49	0
7	49	0
8	49	0
9	49	0
10	49	0
11	49	0
12	49	0
13	49	0
14	49	0
15	49	0
16	49	0
17	49	0
18	49	0
19	49	0
20	49	0
21	49	0
22	49	0
23	49	0
24	49	0
25	49	0
26	49	0
27	49	0
28	49	0
29	49	0
30	49	0
31	49	0
32	49	0
33	49	0
34	49	0
35	49	0
36	49	0
37	49	0
38	49	0
39	49	0
40	49	0
41	49	0
42	49	0
43	49	0
44	49	0
45	49	0
46	49	0
47	49	0
48	49	0
49	49	0

0	50	0
1	50	0
2	50	0
3	50	0
4	50	0
5	50	0
6	50	0
7	50	0
8	50	0
9	50	0
10	50	0
11	50	0
12	50	0
13	50	0
14	50	0
15	50	0
16	50	0
17	50	0
18	50	0
19	50	0
20	50	0
21	50	0
22	50	0
23	50	0
24	50	0
25	50	0
26	50	0
27	50	0
28	50	0
29	50	0
30	50	0
31	50	0
32	50	0
33	50	0
34	50	0
35	50	0
36	50	0
37	50	0
38	50	0
39	50	0
40	50	0
41	50	0
42	50	0
43	50	0
44	50	0
45	50	0
46	50	0
47	50	0
48	50	0
49	50	0

0	51	0
1	51	0
2	51	0
3	51	0
4	51	0
5	51	0
6	51	0
7	51	0
8	51	0
9	51	0
10	51	0
11	51	0
12	51	0
13	51	0
14	51	0
15	51	0
16	51	0
17	51	0
18	51	0
19	51	0
20	51	0
21	51	0
22	51	0
23	51	0
24	51	0
25	51	0
26	51	0
27	51	0
28	51	0
29	51	0
30	51	0
31	51	0
32	51	0
33	51	0
34	51	0
35	51	0
36	51	0
37	51	0
38	51	0
39	51	0
40	51	0
41	51	0
42	51	0
43	51	0
44	51	0
45	51	0
46	51	0
47	51	0
48	51	0
49	51	0

0	52	0
1	52	0
2	52	0
3	52	0
4	52	0
5	52	0
6	52	0
7	52	0
8	52	0
9	52	0
10	52	0
11	52	0
12	52	0
13	52	0
14	52	0
15	52	0
16	52	0
17	52	0
18	52	0
19	52	0
20	52	0
21	52	0
22	52	0
23	52	0
24	52	0
25	52	0
26	52	0
27	52	0
28	52	0
29	52	0
30	52	0
31	52	0
32	52	0
33	52	0
34	52	0
35	52	0
36	52	0
37	52	0
38	52	0
39	52	0
40	52	0
41	52	0
42	52	0
43	52	0
44	52	0
45	52	0
46	52	0
47	52	0
48	52	0
49	52	0

0	53	0
1	53	0
2	53	0
3	53	0
4	53	0
5	53	0
6	53	0
7	53	0
8	53	0
9	53	0
10	53	0
11	53	0
12	53	0
13	53	0
14	53	0
15	53	0
16	53	0
17	53	0
18	53	0
19	53	0
20	53	0
21	53	0
22	53	0
23	53	0
24	53	0
25	53	0
26	53	0
27	53	0
28	53	0
29	53	0
30	53	0
31	53	0
32	53	0
33	53	0
34	53	0
35	53	0
36	53	0
37	53	0
38	53	0
39	53	0
40	53	0
41	53	0
42	53	0
43	53	0
44	53	0
45	53	0
46	53	0
47	53	0
48	53	0
49	53	0

0	54	0
1	54	0
2	54	0
3	54	0
4	54	0
5	54	0
6	54	0
7	54	0
8	54	0
9	54	0
10	54	0
11	54	0
12	54	0
13	54	0
14	54	0
15	54	0
16	54	0
17	54	0
18	54	0
19	54	0
20	54	0
21	54	0
22	54	0
23	54	0
24	54	0
25	54	0
26	54	0
27	54	0
28	54	0
29	54	0
30	54	0
31	54	0
32	54	0
33	54	0
34	54	0
35	54	0
36	54	0
37	54	0
38	54	0
39	54	0
40	54	0
41	54	0
42	54	0
43	54	0
44	54	0
45	54	0
46	54	0
47	54	0
48	54	0
49	54	0

0	55	0
1	55	0
2	55	0
3	55	0
4	55	0
5	55	0
6	55	0
7	55	0
8	55	0
9	55	0
10	55	0
11	55	0
12	55	0
13	55	0
14	55	0
15	55	0
16	55	0
17	55	0
18	55	0
19	55	0
20	55	0
21	55	0
22	55	0
23	55	0
24	55	0
25	55	0
26	55	0
27	55	0
28	55	0
29	55	0
30	55	0
31	55	0
32	55	0
33	55	0
34	55	0
35	55	0
36	55	0
37	55	0
38	55	0
39	55	0
40	55	0
41	55	0
42	55	0
43	55	0
44	55	0
45	55	0
46	55	0
47	55	0
48	55	0
49	55	0

0	56	0
1	56	0
2	56	0
3	56	0
4	56	0
5	56	0
6	56	0
7	56	0
8	56	0
9	56	0
10	56	0
11	56	0
12	56	0
13	56	0
14	56	0
15	56	0
16	56	0
17	56	0
18	56	0
19	56	0
20	56	0
21	56	0
22	56	0
23	56	0
24	56	0
25	56	0
26	56	0
27	56	0
28	56	0
29	56	0
30	56	0
31	56	0
32	56	0
33	56	0
34	56	0
35	56	0
36	56	0
37	56	0
38	56	0
39	56	0
40	56	0
41	56	0
42	56	0
43	56	0
44	56	0
45	56	0
46	56	0
47	56	0
48	56	0
49	56	0

0	57	0
1	57	0
2	57	0
3	57	0
4	57	0
5	57	0
6	57	0
7	57	0
8	57	0
9	57	0
10	57	0
11	57	0
12	57	0
13	57	0
14	57	0
15	57	0
16	57	0
17	57	0
18	57	0
19	57	0
20	57	0
21	57	0
22	57	0
23	57	0
24	57	0
25	57	0
26	57	0
27	57	0
28	57	0
29	57	0
30	57	0
31	57	0
32	57	0
33	57	0
34	57	0
35	57	0
36	57	0
37	57	0
38	57	0
39	57	0
40	57	0
41	57	0
42	57	0
43	57	0
44	57	0
45	57	0
46	57	0
47	57	0
48	57	0
49	57	0

0	58	0
1	58	0
2	58	0
3	58	0
4	58	0
5	58	0
6	58	0
7	58	0
8	58	0
9	58	0
10	58	0
11	58	0
12	58	0
13	58	0
14	58	0
15	58	0
16	58	0
17	58	0
18	58	0
19	58	0
20	58	0
21	58	0
22	58	0
23	58	0
24	58	0
25	58	0
26	58	0
27	58	0
28	58	0
29	58	0
30	58	0
31	58	0
32	58	0
33	58	0
34	58	0
35	58	0
36	58	0
37	58	0
38	58	0
39	58	0
40	58	0
41	58	0
42	58	0
43	58	0
44	58	0
45	58	0
46	58	0
47	58	0
48	58	0
49	58	0

0	59	0
1	59	0
2	59	0
3	59	0
4	59	0
5	59	0
6	59	0
7	59	0
8	59	0
9	59	0
10	59	0
11	59	0
12	59	0
13	59	0
14	59	0
15	59	0
16	59	0
17	59	0
18	59	0
19	59	0
20	59	0
21	59	0
22	59	0
23	59	0
24	59	0
25	59	0
26	59	0
27	59	0
28	59	0
29	59	0
30	59	0
31	59	0
32	59	0
33	59	0
34	59	0
35	59	0
36	59	0
37	59	0
38	59	0
39	59	0
40	59	0
41	59	0
42	59	0
43	59	0
44	59	0
45	59	0
46	59	0
47	59	0
48	59	0
49	59	0

0	60	0
1	60	0
2	60	0
3	60	0
4	60	0
5	60	0
6	60	0
7	60	0
8	60	0
9	60	0
10	60	0
11	60	0
12	60	0
13	60	0
14	60	0
15	60	0
16	60	0
17	60	0
18	60	0
19	60	0
20	60	0
21	60	0
22	60	0
23	60	0
24	60	0
25	60	0
26	60	0
27	60	0
28	60	0
29	60	0
30	60	0
31	60	0
32	60	0
33	60	0
34	60	0
35	60	0
36	60	0
37	60	0
38	60	0
39	60	0
40	60	0
41	60	0
42	60	0
43	60	0
44	60	0
45	60	0
46	60	0
47	60	0
48	60	0
49	60	0

0	61	0
1	61	0
2	61	0
3	61	0
4	61	0
5	61	0
6	61	0
7	61	0
8	61	0
9	61	0
10	61	0
11	61	0
12	61	0
13	61	0
14	61	0
15	61	0
16	61	0
17	61	0
18	61	0
19	61	0
20	61	0
21	61	0
22	61	0
23	61	0
24	61	0
25	61	0
26	61	0
27	61	0
28	61	0
29	61	0
30	61	0
31	61	0
32	61	0
33	61	0
34	61	0
35	61	0
36	61	0
37	61	0
38	61	0
39	61	0
40	61	0
41	61	0
42	61	0
43	61	0
44	61	0
45	61	0
46	61	0
47	61	0
48	61	0
49	61	0

0	62	0
1	62	0
2	62	0
3	62	0
4	62	0
5	62	0
6	62	0
7	62	0
8	62	0
9	62	0
10	62	0
11	62	0
12	62	0
13	62	0
14	62	0
15	62	0
16	62	0
17	62	0
18	62	0
19	62	0
20	62	0
21	62	0
22	62	0
23	62	0
24	62	0
25	62	0
26	62	0
27	62	0
28	62	0
29	62	0
30	62	0
31	62	0
32	62	0
33	62	0
34	62	0
35	62	0
36	62	0
37	62	0
38	62	0
39	62	0
40	62	0
41	62	0
42	62	0
43	62	0
44	62	0
45	62	0
46	62	0
47	62	0
48	62	0
49	62	0

0	63	0
1	63	0
2	63	0
3	63	0
4	63	0
5	63	0
6	63	0
7	63	0
8	63	0
9	63	0
10	63	0
11	63	0
12	63	0
13	63	0
14	63	0
15	63	0
16	63	0
17	63	0
18	63	0
19	63	0
20	63	0
21	63	0
22	63	0
23	63	0
24	63	0
25	63	0
26	63	0
27	63	0
28	63	0
29	63	0
30	63	0
31	63	0
32	63	0
33	63	0
34	63	0
35	63	0
36	63	0
37	63	0
38	63	0
39	63	0
40	63	0
41	63	0
42	63	0
43	63	0
44	63	0
45	63	0
46	63	0
47	63	0
48	63	0
49	63	0

0	64	0
1	64	0
2	64	0
3	64	0
4	64	0
5	64	0
6	64	0
7	64	0
8	64	0
9	64	0
10	64	0
11	64	0
12	64	0
13	64	0
14	64	0
15	64	0
16	64	0
17	64	0
18	64	0
19	64	0
20	64	0
21	64	0
22	64	0
23	64	0
24	64	0
25	64	0
26	64	0
27	64	0
28	64	0
29	64	0
30	64	0
31	64	0
32	64	0
33	64	0
34	64	0
35	64	0
36	64	0
37	64	0
38	64	0
39	64	0
40	64	0
41	64	0
42	64	0
43	64	0
44	64	0
45	64	0
46	64	0
47	64	0
48	64	0
49	64	0

0	65	0
1	65	0
2	65	0
3	65	0
4	65	0
5	65	0
6	65	0
7	65	0
8	65	0
9	65	0
10	65	0
11	65	0
12	65	0
13	65	0
14	65	0
15	65	0
16	65	0
17	65	0
18	65	0
19	65	0
20	65	0
21	65	0
22	65	0
23	65	0
24	65	0
25	65	0
26	65	0
27	65	0
28	65	0
29	65	0
30	65	0
31	65	0
32	65	0
33	65	0
34	65	0
35	65	0
36	65	0
37	65	0
38	65	0
39	65	0
40	65	0
41	65	0
42	65	0
43	65	0
44	65	0
45	65	0
46	65	0
47	65	0
48	65	0
49	65	0

0	66	0
1	66	0
2	66	0
3	66	0
4	66	0
5	66	0
6	66	0
7	66	0
8	66	0
9	66	0
10	66	0
11	66	0
12	66	0
13	66	0
14	66	0
15	66	0
16	66	0
17	66	0
18	66	0
19	66	0
20	66	0
21	66	0
22	66	0
23	66	0
24	66	0
25	66	0
26	66	0
27	66	0
28	66	0
29	66	0
30	66	0
31	66	0
32	66	0
33	66	0
34	66	0
35	66	0
36	66	0
37	66	0
38	66	0
39	66	0
40	66	0
41	66	0
42	66	0
43	66	0
44	66	0
45	66	0
46	66	0
47	66	0
48	66	0
49	66	0

0	67	0
1	67	0
2	67	0
3	67	0
4	67	0
5	67	0
6	67	0
7	67	0
8	67	0
9	67	0
10	67	0
11	67	0
12	67	0
13	67	0
14	67	0
15	67	0
16	67	0
17	67	0
18	67	0
19	67	0
20	67	0
21	67	0
22	67	0
23	67	0
24	67	0
25	67	0
26	67	0
27	67	0
28	67	0
29	67	0
30	67	0
31	67	0
32	67	0
33	67	0
34	67	0
35	67	0
36	67	0
37	67	0
38	67	0
39	67	0
40	67	0
41	67	0
42	67	0
43	67	0
44	67	0
45	67	0
46	67	0
47	67	0
48	67	0
49	67	0

0	68	0
1	68	0
2	68	0
3	68	0
4	68	0
5	68	0
6	68	0
7	68	0
8	68	0
9	68	0
10	68	0
11	68	0
12	68	0
13	68	0
14	68	0
15	68	0
16	68	0
17	68	0
18	68	0
19	68	0
20	68	0
21	68	0
22	68	0
23	68	0
24	68	0
25	68	0
26	68	0
27	68	0
28	68	0
29	68	0
30	68	0
31	68	0
32	68	0
33	68	0
34	68	0
35	68	0
36	68	0
37	68	0
38	68	0
39	68	0
40	68	0
41	68	0
42	68	0
43	68	0
44	68	0
45	68	0
46	68	0
47	68	0
48	68	0
49	68	0

0	69	0
1	69	0
2	69	0
3	69	0
4	69	0
5	69	0
6	69	0
7	69	0
8	69	0
9	69	0
10	69	0
11	69	0
12	69	0
13	69	0
14	69	0
15	69	0
16	69	0
17	69	0
18	69	0
19	69	0
20	69	0
21	69	0
22	69	0
23	69	0
24	69	0
25	69	0
26	69	0
27	69	0
28	69	0
29	69	0
30	69	0
31	69	0
32	69	0
33	69	0
34	69	0
35	69	0
36	69	0
37	69	0
38	69	0
39	69	0
40	69	0
41	69	0
42	69	0
43	69	0
44	69	0
45	69	0
46	69	0
47	69	0
48	69	0
49	69	0

0	70	0
1	70	0
2	70	0
3	70	0
4	70	0
5	70	0
6	70	0
7	70	0
8	70	0
9	70	0
10	70	0
11	70	0
12	70	0
13	70	0
14	70	0
15	70	0
16	70	0
17	70	0
18	70	0
19	70	0
20	70	0
21	70	0
22	70	0
23	70	0
24	70	0
25	70	0
26	70	0
27	70	0
28	70	0
29	70	0
30	70	0
31	70	0
32	70	0
33	70	0
34	70	0
35	70	0
36	70	0
37	70	0
38	70	0
39	70	0
40	70	0
41	70	0
42	70	0
43	70	0
44	70	0
45	70	0
46	70	0
47	70	0
48	70	0
49	70	0

0	71	0
1	71	0
2	71	0
3	71	0
4	71	0
5	71	0
6	71	0
7	71	0
8	71	0
9	71	0
10	71	0
11	71	0
12	71	0
13	71	0
14	71	0
15	71	0
16	71	0
17	71	0
18	71	0
19	71	0
20	71	0
21	71	0
22	71	0
23	71	0
24	71	0
25	71	0
26	71	0
27	71	0
28	71	0
29	71	0
30	71	0
31	71	0
32	71	0
33	71	0
34	71	0
35	71	0
36	71	0
37	71	0
38	71	0
39	71	0
40	71	0
41	71	0
42	71	0
43	71	0
44	71	0
45	71	0
46	71	0
47	71	0
48	71	0
49	71	0

0	72	0
1	72	0
2	72	0
3	72	0
4	72	0
5	72	0
6	72	0
7	72	0
8	72	0
9	72	0
10	72	0
11	72	0
12	72	0
13	72	0
14	72	0
15	72	0
16	72	0
17	72	0
18	72	0
19	72	0
20	72	0
21	72	0
22	72	0
23	72	0
24	72	0
25	72	0
26	72	0
27	72	0
28	72	0
29	72	0
30	72	0
31	72	0
32	72	0
33	72	0
34	72	0
35	72	0
36	72	0
37	72	0
38	72	0
39	72	0
40	72	0
41	72	0
42	72	0
43	72	0
44	72	0
45	72	0
46	72	0
47	72	0
48	72	0
49	72	0

0	73	0
1	73	0
2	73	0
3	73	0
4	73	0
5	73	0
6	73	0
7	73	0
8	73	0
9	73	0
10	73	0
11	73	0
12	73	0
13	73	0
14	73	0
15	73	0
16	73	0
17	73	0
18	73	0
19	73	0
20	73	0
21	73	0
22	73	0
23	73	0
24	73	0
25	73	0
26	73	0
27	73	0
28	73	0
29	73	0
30	73	0
31	73	0
32	73	0
33	73	0
34	73	0
35	73	0
36	73	0
37	73	0
38	73	0
39	73	0
40	73	0
41	73	0
42	73	0
43	73	0
44	73	0
45	73	0
46	73	0
47	73	0
48	73	0
49	73	0

0	74	0
1	74	0
2	74	0
3	74	0
4	74	0
5	74	0
6	74	0
7	74	0
8	74	0
9	74	0
10	74	0
11	74	0
12	74	0
13	74	0
14	74	0
15	74	0
16	74	0
17	74	0
18	74	0
19	74	0
20	74	0
21	74	0
22	74	0
23	74	0
24	74	0
25	74	0
26	74	0
27	74	0
28	74	0
29	74	0
30	74	0
31	74	0
32	74	0
33	74	0
34	74	0
35	74	0
36	74	0
37	74	0
38	74	0
39	74	0
40	74	0
41	74	0
42	74	0
43	74	0
44	74	0
45	74	0
46	74	0
47	74	0
48	74	0
49	74	0

0	75	0
1	75	0
2	75	0
3	75	0
4	75	0
5	75	0
6	75	0
7	75	0
8	75	0
9	75	0
10	75	0
11	75	0
12	75	0
13	75	0
14	75	0
15	75	0
16	75	0
17	75	0
18	75	0
19	75	0
20	75	0
21	75	0
22	75	0
23	75	0
24	75	0
25	75	0
26	75	0
27	75	0
28	75	0
29	75	0
30	75	0
31	75	0
32	75	0
33	75	0
34	75	0
35	75	0
36	75	0
37	75	0
38	75	0
39	75	0
40	75	0
41	75	0
42	75	0
43	75	0
44	75	0
45	75	0
46	75	0
47	75	0
48	75	0
49	75	0

0	76	0
1	76	0
2	76	0
3	76	0
4	76	0
5	76	0
6	76	0
7	76	0
8	76	0
9	76	0
10	76	0
11	76	0
12	76	0
13	76	0
14	76	0
15	76	0
16	76	0
17	76	0
18	76	0
19	76	0
20	76	0
21	76	0
22	76	0
23	76	0
24	76	0
25	76	0
26	76	0
27	76	0
28	76	0
29	76	0
30	76	0
31	76	0
32	76	0
33	76	0
34	76	0
35	76	0
36	76	0
37	76	0
38	76	0
39	76	0
40	76	0
41	76	0
42	76	0
43	76	0
44	76	0
45	76	0
46	76	0
47	76	0
48	76	0
49	76	0

0	77	0
1	77	0
2	77	0
3	77	0
4	77	0
5	77	0
6	77	0
7	77	0
8	77	0
9	77	0
10	77	0
11	77	0
12	77	0
13	77	0
14	77	0
15	77	0
16	77	0
17	77	0
18	77	0
19	77	0
20	77	0
21	77	0
22	77	0
23	77	0
24	77	0
25	77	0
26	77	0
27	77	0
28	77	0
29	77	0
30	77	0
31	77	0
32	77	0
33	77	0
34	77	0
35	77	0
36	77	0
37	77	0
38	77	0
39	77	0
40	77	0
41	77	0
42	77	0
43	77	0
44	77	0
45	77	0
46	77	0
47	77	0
48	77	0
49	77	0

0	78	0
1	78	0
2	78	0
3	78	0
4	78	0
5	78	0
6	78	0
7	78	0
8	78	0
9	78	0
10	78	0
11	78	0
12	78	0
13	78	0
14	78	0
15	78	0
16	78	0
17	78	0
18	78	0
19	78	0
20	78	0
21	78	0
22	78	0
23	78	0
24	78	0
25	78	0
26	78	0
27	78	0
28	78	0
29	78	0
30	78	0
31	78	0
32	78	0
33	78	0
34	78	0
35	78	0
36	78	0
37	78	0
38	78	0
39	78	0
40	78	0
41	78	0
42	78	0
43	78	0
44	78	0
45	78	0
46	78	0
47	78	0
48	78	0
49	78	0

0	79	0
1	79	0
2	79	0
3	79	0
4	79	0
5	79	0
6	79	0
7	79	0
8	79	0
9	79	0
10	79	0
11	79	0
12	79	0
13	79	0
14	79	0
15	79	0
16	79	0
17	79	0
18	79	0
19	79	0
20	79	0
21	79	0
22	79	0
23	79	0
24	79	0
25	79	0
26	79	0
27	79	0
28	79	0
29	79	0
30	79	0
31	79	0
32	79	0
33	79	0
34	79	0
35	79	0
36	79	0
37	79	0
38	79	0
39	79	0
40	79	0
41	79	0
42	79	0
43	79	0
44	79	0
45	79	0
46	79	0
47	79	0
48	79	0
49	79	0

0	80	0
1	80	0
2	80	0
3	80	0
4	80	0
5	80	0
6	80	0
7	80	0
8	80	0
9	80	0
10	80	0
11	80	0
12	80	0
13	80	0
14	80	0
15	80	0
16	80	0
17	80	0
18	80	0
19	80	0
20	80	0
21	80	0
22	80	0
23	80	0
24	80	0
25	80	0
26	80	0
27	80	0
28	80	0
29	80	0
30	80	0
31	80	0
32	80	0
33	80	0
34	80	0
35	80	0
36	80	0
37	80	0
38	80	0
39	80	0
40	80	0
41	80	0
42	80	0
43	80	0
44	80	0
45	80	0
46	80	0
47	80	0
48	80	0
49	80	0

0	81	0
1	81	0
2	81	0
3	81	0
4	81	0
5	81	0
6	81	0
7	81	0
8	81	0
9	81	0
10	81	0
11	81	0
12	81	0
13	81	0
14	81	0
15	81	0
16	81	0
17	81	0
18	81	0
19	81	0
20	81	0
21	81	0
22	81	0
23	81	0
24	81	0
25	81	0
26	81	0
27	81	0
28	81	0
29	81	0
30	81	0
31	81	0
32	81	0
33	81	0
34	81	0
35	81	0
36	81	0
37	81	0
38	81	0
39	81	0
40	81	0
41	81	0
42	81	0
43	81	0
44	81	0
45	81	0
46	81	0
47	81	0
48	81	0
49	81	0

0	82	0
1	82	0
2	82	0
3	82	0
4	82	0
5	82	0
6	82	0
7	82	0
8	82	0
9	82	0
10	82	0
11	82	0
12	82	0
13	82	0
14	82	0
15	82	0
16	82	0
17	82	0
18	82	0
19	82	0
20	82	0
21	82	0
22	82	0
23	82	0
24	82	0
25	82	0
26	82	0
27	82	0
28	82	0
29	82	0
30	82	0
31	82	0
32	82	0
33	82	0
34	82	0
35	82	0
36	82	0
37	82	0
38	82	0
39	82	0
40	82	0
41	82	0
42	82	0
43	82	0
44	82	0
45	82	0
46	82	0
47	82	0
48	82	0
49	82	0

0	83	0
1	83	0
2	83	0
3	83	0
4	83	0
5	83	0
6	83	0
7	83	0
8	83	0
9	83	0
10	83	0
11	83	0
12	83	0
13	83	0
14	83	0
15	83	0
16	83	0
17	83	0
18	83	0
19	83	0
20	83	0
21	83	0
22	83	0
23	83	0
24	83	0
25	83	0
26	83	0
27	83	0
28	83	0
29	83	0
30	83	0
31	83	0
32	83	0
33	83	0
34	83	0
35	83	0
36	83	0
37	83	0
38	83	0
39	83	0
40	83	0
41	83	0
42	83	0
43	83	0
44	83	0
45	83	0
46	83	0
47	83	0
48	83	0
49	83	0

0	84	0
1	84	0
2	84	0
3	84	0
4	84	0
5	84	0
6	84	0
7	84	0
8	84	0
9	84	0
10	84	0
11	84	0
12	84	0
13	84	0
14	84	0
15	84	0
16	84	0
17	84	0
18	84	0
19	84	0
20	84	0
21	84	0
22	84	0
23	84	0
24	84	0
25	84	0
26	84	0
27	84	0
28	84	0
29	84	0
30	84	0
31	84	0
32	84	0
33	84	0
34	84	0
35	84	0
36	84	0
37	84	0
38	84	0
39	84	0
40	84	0
41	84	0
42	84	0
43	84	0
44	84	0
45	84	0
46	84	0
47	84	0
48	84	0
49	84	0

0	85	0
1	85	0
2	85	0
3	85	0
4	85	0
5	85	0
6	85	0
7	85	0
8	85	0
9	85	0
10	85	0
11	85	0
12	85	0
13	85	0
14	85	0
15	85	0
16	85	0
17	85	0
18	85	0
19	85	0
20	85	0
21	85	0
22	85	0
23	85	0
24	85	0
25	85	0
26	85	0
27	85	0
28	85	0
29	85	0
30	85	0
31	85	0
32	85	0
33	85	0
34	85	0
35	85	0
36	85	0
37	85	0
38	85	0
39	85	0
40	85	0
41	85	0
42	85	0
43	85	0
44	85	0
45	85	0
46	85	0
47	85	0
48	85	0
49	85	0

0	86	0
1	86	0
2	86	0
3	86	0
4	86	0
5	86	0
6	86	0
7	86	0
8	86	0
9	86	0
10	86	0
11	86	0
12	86	0
13	86	0
14	86	0
15	86	0
16	86	0
17	86	0
18	86	0
19	86	0
20	86	0
21	86	0
22	86	0
23	86	0
24	86	0
25	86	0
26	86	0
27	86	0
28	86	0
29	86	0
30	86	0
31	86	0
32	86	0
33	86	0
34	86	0
35	86	0
36	86	0
37	86	0
38	86	0
39	86	0
40	86	0
41	86	0
42	86	0
43	86	0
44	86	0
45	86	0
46	86	0
47	86	0
48	86	0
49	86	0

0	87	0
1	87	0
2	87	0
3	87	0
4	87	0
5	87	0
6	87	0
7	87	0
8	87	0
9	87	0
10	87	0
11	87	0
12	87	0
13	87	0
14	87	0
15	87	0
16	87	0
17	87	0
18	87	0
19	87	0
20	87	0
21	87	0
22	87	0
23	87	0
24	87	0
25	87	0
26	87	0
27	87	0
28	87	0
29	87	0
30	87	0
31	87	0
32	87	0
33	87	0
34	87	0
35	87	0
36	87	0
37	87	0
38	87	0
39	87	0
40	87	0
41	87	0
42	87	0
43	87	0
44	87	0
45	87	0
46	87	0
47	87	0
48	87	0
49	87	0

0	88	0
1	88	0
2	88	0
3	88	0
4	88	0
5	88	0
6	88	0
7	88	0
8	88	0
9	88	0
10	88	0
11	88	0
12	88	0
13	88	0
14	88	0
15	88	0
16	88	0
17	88	0
18	88	0
19	88	0
20	88	0
21	88	0
22	88	0
23	88	0
24	88	0
25	88	0
26	88	0
27	88	0
28	88	0
29	88	0
30	88	0
31	88	0
32	88	0
33	88	0
34	88	0
35	88	0
36	88	0
37	88	0
38	88	0
39	88	0
40	88	0
41	88	0
42	88	0
43	88	0
44	88	0
45	88	0
46	88	0
47	88	0
48	88	0
49	88	0

0	89	0
1	89	0
2	89	0
3	89	0
4	89	0
5	89	0
6	89	0
7	89	0
8	89	0
9	89	0
10	89	0
11	89	0
12	89	0
13	89	0
14	89	0
15	89	0
16	89	0
17	89	0
18	89	0
19	89	0
20	89	0
21	89	0
22	89	0
23	89	0
24	89	0
25	89	0
26	89	0
27	89	0
28	89	0
29	89	0
30	89	0
31	89	0
32	89	0
33	89	0
34	89	0
35	89	0
36	89	0
37	89	0
38	89	0
39	89	0
40	89	0
41	89	0
42	89	0
43	89	0
44	89	0
45	89	0
46	89	0
47	89	0
48	89	0
49	89	0

0	90	0
1	90	0
2	90	0
3	90	0
4	90	0
5	90	0
6	90	0
7	90	0
8	90	0
9	90	0
10	90	0
11	90	0
12	90	0
13	90	0
14	90	0
15	90	0
16	90	0
17	90	0
18	90	0
19	90	0
20	90	0
21	90	0
22	90	0
23	90	0
24	90	0
25	90	0
26	90	0
27	90	0
28	90	0
29	90	0
30	90	0
31	90	0
32	90	0
33	90	0
34	90	0
35	90	0
36	90	0
37	90	0
38	90	0
39	90	0
40	90	0
41	90	0
42	90	0
43	90	0
44	90	0
45	90	0
46	90	0
47	90	0
48	90	0
49	90	0

0	91	0
1	91	0
2	91	0
3	91	0
4	91	0
5	91	0
6	91	0
7	91	0
8	91	0
9	91	0
10	91	0
11	91	0
12	91	0
13	91	0
14	91	0
15	91	0
16	91	0
17	91	0
18	91	0
19	91	0
20	91	0
21	91	0
22	91	0
23	91	0
24	91	0
25	91	0
26	91	0
27	91	0
28	91	0
29	91	0
30	91	0
31	91	0
32	91	0
33	91	0
34	91	0
35	91	0
36	91	0
37	91	0
38	91	0
39	91	0
40	91	0
41	91	0
42	91	0
43	91	0
44	91	0
45	91	0
46	91	0
47	91	0
48	91	0
49	91	0

0	92	0
1	92	0
2	92	0
3	92	0
4	92	0
5	92	0
6	92	0
7	92	0
8	92	0
9	92	0
10	92	0
11	92	0
12	92	0
13	92	0
14	92	0
15	92	0
16	92	0
17	92	0
18	92	0
19	92	0
20	92	0
21	92	0
22	92	0
23	92	0
24	92	0
25	92	0
26	92	0
27	92	0
28	92	0
29	92	0
30	92	0
31	92	0
32	92	0
33	92	0
34	92	0
35	92	0
36	92	0
37	92	0
38	92	0
39	92	0
40	92	0
41	92	0
42	92	0
43	92	0
44	92	0
45	92	0
46	92	0
47	92	0
48	92	0
49	92	0

0	93	0
1	93	0
2	93	0
3	93	0
4	93	0
5	93	0
6	93	0
7	93	0
8	93	0
9	93	0
10	93	0
11	93	0
12	93	0
13	93	0
14	93	0
15	93	0
16	93	0
17	93	0
18	93	0
19	93	0
20	93	0
21	93	0
22	93	0
23	93	0
24	93	0
25	93	0
26	93	0
27	93	0
28	93	0
29	93	0
30	93	0
31	93	0
32	93	0
33	93	0
34	93	0
35	93	0
36	93	0
37	93	0
38	93	0
39	93	0
40	93	0
41	93	0
42	93	0
43	93	0
44	93	0
45	93	0
46	93	0
47	93	0
48	93	0
49	93	0

0	94	0
1	94	0
2	94	0
3	94	0
4	94	0
5	94	0
6	94	0
7	94	0
8	94	0
9	94	0
10	94	0
11	94	0
12	94	0
13	94	0
14	94	0
15	94	0
16	94	0
17	94	0
18	94	0
19	94	0
20	94	0
21	94	0
22	94	0
23	94	0
24	94	0
25	94	0
26	94	0
27	94	0
28	94	0
29	94	0
30	94	0
31	94	0
32	94	0
33	94	0
34	94	0
35	94	0
36	94	0
37	94	0
38	94	0
39	94	0
40	94	0
41	94	0
42	94	0
43	94	0
44	94	0
45	94	0
46	94	0
47	94	0
48	94	0
49	94	0

0	95	0
1	95	0
2	95	0
3	95	0
4	95	0
5	95	0
6	95	0
7	95	0
8	95	0
9	95	0
10	95	0
11	95	0
12	95	0
13	95	0
14	95	0
15	95	0
16	95	0
17	95	0
18	95	0
19	95	0
20	95	0
21	95	0
22	95	0
23	95	0
24	95	0
25	95	0
26	95	0
27	95	0
28	95	0
29	95	0
30	95	0
31	95	0
32	95	0
33	95	0
34	95	0
35	95	0
36	95	0
37	95	0
38	95	0
39	95	0
40	95	0
41	95	0
42	95	0
43	95	0
44	95	0
45	95	0
46	95	0
47	95	0
48	95	0
49	95	0

0	96	0
1	96	0
2	96	0
3	96	0
4	96	0
5	96	0
6	96	0
7	96	0
8	96	0
9	96	0
10	96	0
11	96	0
12	96	0
13	96	0
14	96	0
15	96	0
16	96	0
17	96	0
18	96	0
19	96	0
20	96	0
21	96	0
22	96	0
23	96	0
24	96	0
25	96	0
26	96	0
27	96	0
28	96	0
29	96	0
30	96	0
31	96	0
32	96	0
33	96	0
34	96	0
35	96	0
36	96	0
37	96	0
38	96	0
39	96	0
40	96	0
41	96	0
42	96	0
43	96	0
44	96	0
45	96	0
46	96	0
47	96	0
48	96	0
49	96	0

0	97	0
1	97	0
2	97	0
3	97	0
4	97	0
5	97	0
6	97	0
7	97	0
8	97	0
9	97	0
10	97	0
11	97	0
12	97	0
13	97	0
14	97	0
15	97	0
16	97	0
17	97	0
18	97	0
19	97	0
20	97	0
21	97	0
22	97	0
23	97	0
24	97	0
25	97	0
26	97	0
27	97	0
28	97	0
29	97	0
30	97	0
31	97	0
32	97	0
33	97	0
34	97	0
35	97	0
36	97	0
37	97	0
38	97	0
39	97	0
40	97	0
41	97	0
42	97	0
43	97	0
44	97	0
45	97	0
46	97	0
47	97	0
48	97	0
49	97	0

0	98	0
1	98	0
2	98	0
3	98	0
4	98	0
5	98	0
6	98	0
7	98	0
8	98	0
9	98	0
10	98	0
11	98	0
12	98	0
13	98	0
14	98	0
15	98	0
16	98	0
17	98	0
18	98	0
19	98	0
20	98	0
21	98	0
22	98	0
23	98	0
24	98	0
25	98	0
26	98	0
27	98	0
28	98	0
29	98	0
30	98	0
31	98	0
32	98	0
33	98	0
34	98	0
35	98	0
36	98	0
37	98	0
38	98	0
39	98	0
40	98	0
41	98	0
42	98	0
43	98	0
44	98	0
45	98	0
46	98	0
47	98	0
48	98	0
49	98	0

0	99	0
1	99	0
2	99	0
3	99	0
4	99	0
5	99	0
6	99	0
7	99	0
8	99	0
9	99	0
10	99	0
11	99	0
12	99	0
13	99	0
14	99	0
15	99	0
16	99	0
17	99	0
18	99	0
19	99	0
20	99	0
21	99	0
22	99	0
23	99	0
24	99	0
25	99	0
26	99	0
27	99	0
28	99	0
29	99	0
30	99	0
31	99	0
32	99	0
33	99	0
34	99	0
35	99	0
36	99	0
37	99	0
38	99	0
39	99	0
40	99	0
41	99	0
42	99	0
43	99	0
44	99	0
45	99	0
46	99	0
47	99	0
48	99	0
49	99	0

