# 120 MeV Proton Pencil Beam 2D Dose Distribution
# x(mm) z(mm) dose(Gy)
0	0	0
1	0	0
2	0	0
3	0	0
4	0	0
5	0	0
6	0	0
7	0	0
8	0	0
9	0	0
10	0	0
11	0	0
12	0	0
13	0	0
14	0	0
15	0	0
16	0	0
17	0	0
18	0	0
19	0	0
20	0	0
21	0	0
22	0	0
23	0	1.61081e-37
24	0	4.26689e-27
25	0	2.07015e-18
26	0	1.83956e-11
27	0	2.99396e-06
28	0	0.00892488
29	0	0.487282
30	0	0.487282
31	0	0.00892488
32	0	2.99396e-06
33	0	1.83956e-11
34	0	2.07015e-18
35	0	4.26689e-27
36	0	1.61081e-37
37	0	0
38	0	0
39	0	0
40	0	0
41	0	0
42	0	0
43	0	0
44	0	0
45	0	0
46	0	0
47	0	0
48	0	0
49	0	0
50	0	0
51	0	0
52	0	0
53	0	0
54	0	0
55	0	0
56	0	0
57	0	0
58	0	0
59	0	0

0	1	0
1	1	0
2	1	0
3	1	0
4	1	0
5	1	0
6	1	0
7	1	0
8	1	0
9	1	0
10	1	0
11	1	0
12	1	0
13	1	0
14	1	0
15	1	0
16	1	0
17	1	0
18	1	0
19	1	0
20	1	0
21	1	0
22	1	0
23	1	1.61316e-37
24	1	4.27312e-27
25	1	2.07317e-18
26	1	1.84224e-11
27	1	2.99833e-06
28	1	0.00893791
29	1	0.487993
30	1	0.487993
31	1	0.00893791
32	1	2.99833e-06
33	1	1.84224e-11
34	1	2.07317e-18
35	1	4.27312e-27
36	1	1.61316e-37
37	1	0
38	1	0
39	1	0
40	1	0
41	1	0
42	1	0
43	1	0
44	1	0
45	1	0
46	1	0
47	1	0
48	1	0
49	1	0
50	1	0
51	1	0
52	1	0
53	1	0
54	1	0
55	1	0
56	1	0
57	1	0
58	1	0
59	1	0

0	2	0
1	2	0
2	2	0
3	2	0
4	2	0
5	2	0
6	2	0
7	2	0
8	2	0
9	2	0
10	2	0
11	2	0
12	2	0
13	2	0
14	2	0
15	2	0
16	2	0
17	2	0
18	2	0
19	2	0
20	2	0
21	2	0
22	2	0
23	2	1.61602e-37
24	2	4.28069e-27
25	2	2.07684e-18
26	2	1.8455e-11
27	2	3.00364e-06
28	2	0.00895374
29	2	0.488857
30	2	0.488857
31	2	0.00895374
32	2	3.00364e-06
33	2	1.8455e-11
34	2	2.07684e-18
35	2	4.28069e-27
36	2	1.61602e-37
37	2	0
38	2	0
39	2	0
40	2	0
41	2	0
42	2	0
43	2	0
44	2	0
45	2	0
46	2	0
47	2	0
48	2	0
49	2	0
50	2	0
51	2	0
52	2	0
53	2	0
54	2	0
55	2	0
56	2	0
57	2	0
58	2	0
59	2	0

0	3	0
1	3	0
2	3	0
3	3	0
4	3	0
5	3	0
6	3	0
7	3	0
8	3	0
9	3	0
10	3	0
11	3	0
12	3	0
13	3	0
14	3	0
15	3	0
16	3	0
17	3	0
18	3	0
19	3	0
20	3	0
21	3	0
22	3	0
23	3	1.61943e-37
24	3	4.28972e-27
25	3	2.08122e-18
26	3	1.8494e-11
27	3	3.00998e-06
28	3	0.00897262
29	3	0.489889
30	3	0.489889
31	3	0.00897262
32	3	3.00998e-06
33	3	1.8494e-11
34	3	2.08122e-18
35	3	4.28972e-27
36	3	1.61943e-37
37	3	0
38	3	0
39	3	0
40	3	0
41	3	0
42	3	0
43	3	0
44	3	0
45	3	0
46	3	0
47	3	0
48	3	0
49	3	0
50	3	0
51	3	0
52	3	0
53	3	0
54	3	0
55	3	0
56	3	0
57	3	0
58	3	0
59	3	0

0	4	0
1	4	0
2	4	0
3	4	0
4	4	0
5	4	0
6	4	0
7	4	0
8	4	0
9	4	0
10	4	0
11	4	0
12	4	0
13	4	0
14	4	0
15	4	0
16	4	0
17	4	0
18	4	0
19	4	0
20	4	0
21	4	0
22	4	0
23	4	1.6234e-37
24	4	4.30023e-27
25	4	2.08632e-18
26	4	1.85393e-11
27	4	3.01736e-06
28	4	0.00899462
29	4	0.49109
30	4	0.49109
31	4	0.00899462
32	4	3.01736e-06
33	4	1.85393e-11
34	4	2.08632e-18
35	4	4.30023e-27
36	4	1.6234e-37
37	4	0
38	4	0
39	4	0
40	4	0
41	4	0
42	4	0
43	4	0
44	4	0
45	4	0
46	4	0
47	4	0
48	4	0
49	4	0
50	4	0
51	4	0
52	4	0
53	4	0
54	4	0
55	4	0
56	4	0
57	4	0
58	4	0
59	4	0

0	5	0
1	5	0
2	5	0
3	5	0
4	5	0
5	5	0
6	5	0
7	5	0
8	5	0
9	5	0
10	5	0
11	5	0
12	5	0
13	5	0
14	5	0
15	5	0
16	5	0
17	5	0
18	5	0
19	5	0
20	5	0
21	5	0
22	5	0
23	5	1.62789e-37
24	5	4.31214e-27
25	5	2.0921e-18
26	5	1.85906e-11
27	5	3.02571e-06
28	5	0.00901952
29	5	0.492449
30	5	0.492449
31	5	0.00901952
32	5	3.02571e-06
33	5	1.85906e-11
34	5	2.0921e-18
35	5	4.31214e-27
36	5	1.62789e-37
37	5	0
38	5	0
39	5	0
40	5	0
41	5	0
42	5	0
43	5	0
44	5	0
45	5	0
46	5	0
47	5	0
48	5	0
49	5	0
50	5	0
51	5	0
52	5	0
53	5	0
54	5	0
55	5	0
56	5	0
57	5	0
58	5	0
59	5	0

0	6	0
1	6	0
2	6	0
3	6	0
4	6	0
5	6	0
6	6	0
7	6	0
8	6	0
9	6	0
10	6	0
11	6	0
12	6	0
13	6	0
14	6	0
15	6	0
16	6	0
17	6	0
18	6	0
19	6	0
20	6	0
21	6	0
22	6	0
23	6	1.63283e-37
24	6	4.32522e-27
25	6	2.09844e-18
26	6	1.8647e-11
27	6	3.03489e-06
28	6	0.00904688
29	6	0.493943
30	6	0.493943
31	6	0.00904688
32	6	3.03489e-06
33	6	1.8647e-11
34	6	2.09844e-18
35	6	4.32522e-27
36	6	1.63283e-37
37	6	0
38	6	0
39	6	0
40	6	0
41	6	0
42	6	0
43	6	0
44	6	0
45	6	0
46	6	0
47	6	0
48	6	0
49	6	0
50	6	0
51	6	0
52	6	0
53	6	0
54	6	0
55	6	0
56	6	0
57	6	0
58	6	0
59	6	0

0	7	0
1	7	0
2	7	0
3	7	0
4	7	0
5	7	0
6	7	0
7	7	0
8	7	0
9	7	0
10	7	0
11	7	0
12	7	0
13	7	0
14	7	0
15	7	0
16	7	0
17	7	0
18	7	0
19	7	0
20	7	0
21	7	0
22	7	0
23	7	1.63811e-37
24	7	4.3392e-27
25	7	2.10523e-18
26	7	1.87073e-11
27	7	3.0447e-06
28	7	0.00907613
29	7	0.49554
30	7	0.49554
31	7	0.00907613
32	7	3.0447e-06
33	7	1.87073e-11
34	7	2.10523e-18
35	7	4.3392e-27
36	7	1.63811e-37
37	7	0
38	7	0
39	7	0
40	7	0
41	7	0
42	7	0
43	7	0
44	7	0
45	7	0
46	7	0
47	7	0
48	7	0
49	7	0
50	7	0
51	7	0
52	7	0
53	7	0
54	7	0
55	7	0
56	7	0
57	7	0
58	7	0
59	7	0

0	8	0
1	8	0
2	8	0
3	8	0
4	8	0
5	8	0
6	8	0
7	8	0
8	8	0
9	8	0
10	8	0
11	8	0
12	8	0
13	8	0
14	8	0
15	8	0
16	8	0
17	8	0
18	8	0
19	8	0
20	8	0
21	8	0
22	8	0
23	8	1.64363e-37
24	8	4.35384e-27
25	8	2.11233e-18
26	8	1.87704e-11
27	8	3.05497e-06
28	8	0.00910674
29	8	0.497211
30	8	0.497211
31	8	0.00910674
32	8	3.05497e-06
33	8	1.87704e-11
34	8	2.11233e-18
35	8	4.35384e-27
36	8	1.64363e-37
37	8	0
38	8	0
39	8	0
40	8	0
41	8	0
42	8	0
43	8	0
44	8	0
45	8	0
46	8	0
47	8	0
48	8	0
49	8	0
50	8	0
51	8	0
52	8	0
53	8	0
54	8	0
55	8	0
56	8	0
57	8	0
58	8	0
59	8	0

0	9	0
1	9	0
2	9	0
3	9	0
4	9	0
5	9	0
6	9	0
7	9	0
8	9	0
9	9	0
10	9	0
11	9	0
12	9	0
13	9	0
14	9	0
15	9	0
16	9	0
17	9	0
18	9	0
19	9	0
20	9	0
21	9	0
22	9	0
23	9	1.64933e-37
24	9	4.36892e-27
25	9	2.11965e-18
26	9	1.88354e-11
27	9	3.06556e-06
28	9	0.00913829
29	9	0.498934
30	9	0.498934
31	9	0.00913829
32	9	3.06556e-06
33	9	1.88354e-11
34	9	2.11965e-18
35	9	4.36892e-27
36	9	1.64933e-37
37	9	0
38	9	0
39	9	0
40	9	0
41	9	0
42	9	0
43	9	0
44	9	0
45	9	0
46	9	0
47	9	0
48	9	0
49	9	0
50	9	0
51	9	0
52	9	0
53	9	0
54	9	0
55	9	0
56	9	0
57	9	0
58	9	0
59	9	0

0	10	0
1	10	0
2	10	0
3	10	0
4	10	0
5	10	0
6	10	0
7	10	0
8	10	0
9	10	0
10	10	0
11	10	0
12	10	0
13	10	0
14	10	0
15	10	0
16	10	0
17	10	0
18	10	0
19	10	0
20	10	0
21	10	0
22	10	0
23	10	1.65515e-37
24	10	4.38433e-27
25	10	2.12713e-18
26	10	1.89019e-11
27	10	3.07637e-06
28	10	0.00917054
29	10	0.500694
30	10	0.500694
31	10	0.00917054
32	10	3.07637e-06
33	10	1.89019e-11
34	10	2.12713e-18
35	10	4.38433e-27
36	10	1.65515e-37
37	10	0
38	10	0
39	10	0
40	10	0
41	10	0
42	10	0
43	10	0
44	10	0
45	10	0
46	10	0
47	10	0
48	10	0
49	10	0
50	10	0
51	10	0
52	10	0
53	10	0
54	10	0
55	10	0
56	10	0
57	10	0
58	10	0
59	10	0

0	11	0
1	11	0
2	11	0
3	11	0
4	11	0
5	11	0
6	11	0
7	11	0
8	11	0
9	11	0
10	11	0
11	11	0
12	11	0
13	11	0
14	11	0
15	11	0
16	11	0
17	11	0
18	11	0
19	11	0
20	11	0
21	11	0
22	11	0
23	11	1.66106e-37
24	11	4.40001e-27
25	11	2.13473e-18
26	11	1.89695e-11
27	11	3.08737e-06
28	11	0.00920333
29	11	0.502485
30	11	0.502485
31	11	0.00920333
32	11	3.08737e-06
33	11	1.89695e-11
34	11	2.13473e-18
35	11	4.40001e-27
36	11	1.66106e-37
37	11	0
38	11	0
39	11	0
40	11	0
41	11	0
42	11	0
43	11	0
44	11	0
45	11	0
46	11	0
47	11	0
48	11	0
49	11	0
50	11	0
51	11	0
52	11	0
53	11	0
54	11	0
55	11	0
56	11	0
57	11	0
58	11	0
59	11	0

0	12	0
1	12	0
2	12	0
3	12	0
4	12	0
5	12	0
6	12	0
7	12	0
8	12	0
9	12	0
10	12	0
11	12	0
12	12	0
13	12	0
14	12	0
15	12	0
16	12	0
17	12	0
18	12	0
19	12	0
20	12	0
21	12	0
22	12	0
23	12	1.66708e-37
24	12	4.41594e-27
25	12	2.14246e-18
26	12	1.90381e-11
27	12	3.09855e-06
28	12	0.00923663
29	12	0.504303
30	12	0.504303
31	12	0.00923663
32	12	3.09855e-06
33	12	1.90381e-11
34	12	2.14246e-18
35	12	4.41594e-27
36	12	1.66708e-37
37	12	0
38	12	0
39	12	0
40	12	0
41	12	0
42	12	0
43	12	0
44	12	0
45	12	0
46	12	0
47	12	0
48	12	0
49	12	0
50	12	0
51	12	0
52	12	0
53	12	0
54	12	0
55	12	0
56	12	0
57	12	0
58	12	0
59	12	0

0	13	0
1	13	0
2	13	0
3	13	0
4	13	0
5	13	0
6	13	0
7	13	0
8	13	0
9	13	0
10	13	0
11	13	0
12	13	0
13	13	0
14	13	0
15	13	0
16	13	0
17	13	0
18	13	0
19	13	0
20	13	0
21	13	0
22	13	0
23	13	1.67317e-37
24	13	4.43209e-27
25	13	2.1503e-18
26	13	1.91078e-11
27	13	3.10988e-06
28	13	0.00927043
29	13	0.506148
30	13	0.506148
31	13	0.00927043
32	13	3.10988e-06
33	13	1.91078e-11
34	13	2.1503e-18
35	13	4.43209e-27
36	13	1.67317e-37
37	13	0
38	13	0
39	13	0
40	13	0
41	13	0
42	13	0
43	13	0
44	13	0
45	13	0
46	13	0
47	13	0
48	13	0
49	13	0
50	13	0
51	13	0
52	13	0
53	13	0
54	13	0
55	13	0
56	13	0
57	13	0
58	13	0
59	13	0

0	14	0
1	14	0
2	14	0
3	14	0
4	14	0
5	14	0
6	14	0
7	14	0
8	14	0
9	14	0
10	14	0
11	14	0
12	14	0
13	14	0
14	14	0
15	14	0
16	14	0
17	14	0
18	14	0
19	14	0
20	14	0
21	14	0
22	14	0
23	14	1.67936e-37
24	14	4.44849e-27
25	14	2.15825e-18
26	14	1.91785e-11
27	14	3.12138e-06
28	14	0.00930472
29	14	0.50802
30	14	0.50802
31	14	0.00930472
32	14	3.12138e-06
33	14	1.91785e-11
34	14	2.15825e-18
35	14	4.44849e-27
36	14	1.67936e-37
37	14	0
38	14	0
39	14	0
40	14	0
41	14	0
42	14	0
43	14	0
44	14	0
45	14	0
46	14	0
47	14	0
48	14	0
49	14	0
50	14	0
51	14	0
52	14	0
53	14	0
54	14	0
55	14	0
56	14	0
57	14	0
58	14	0
59	14	0

0	15	0
1	15	0
2	15	0
3	15	0
4	15	0
5	15	0
6	15	0
7	15	0
8	15	0
9	15	0
10	15	0
11	15	0
12	15	0
13	15	0
14	15	0
15	15	0
16	15	0
17	15	0
18	15	0
19	15	0
20	15	0
21	15	0
22	15	0
23	15	1.68564e-37
24	15	4.46512e-27
25	15	2.16632e-18
26	15	1.92502e-11
27	15	3.13306e-06
28	15	0.00933951
29	15	0.50992
30	15	0.50992
31	15	0.00933951
32	15	3.13306e-06
33	15	1.92502e-11
34	15	2.16632e-18
35	15	4.46512e-27
36	15	1.68564e-37
37	15	0
38	15	0
39	15	0
40	15	0
41	15	0
42	15	0
43	15	0
44	15	0
45	15	0
46	15	0
47	15	0
48	15	0
49	15	0
50	15	0
51	15	0
52	15	0
53	15	0
54	15	0
55	15	0
56	15	0
57	15	0
58	15	0
59	15	0

0	16	0
1	16	0
2	16	0
3	16	0
4	16	0
5	16	0
6	16	0
7	16	0
8	16	0
9	16	0
10	16	0
11	16	0
12	16	0
13	16	0
14	16	0
15	16	0
16	16	0
17	16	0
18	16	0
19	16	0
20	16	0
21	16	0
22	16	0
23	16	1.69201e-37
24	16	4.482e-27
25	16	2.17451e-18
26	16	1.93229e-11
27	16	3.1449e-06
28	16	0.00937481
29	16	0.511847
30	16	0.511847
31	16	0.00937481
32	16	3.1449e-06
33	16	1.93229e-11
34	16	2.17451e-18
35	16	4.482e-27
36	16	1.69201e-37
37	16	0
38	16	0
39	16	0
40	16	0
41	16	0
42	16	0
43	16	0
44	16	0
45	16	0
46	16	0
47	16	0
48	16	0
49	16	0
50	16	0
51	16	0
52	16	0
53	16	0
54	16	0
55	16	0
56	16	0
57	16	0
58	16	0
59	16	0

0	17	0
1	17	0
2	17	0
3	17	0
4	17	0
5	17	0
6	17	0
7	17	0
8	17	0
9	17	0
10	17	0
11	17	0
12	17	0
13	17	0
14	17	0
15	17	0
16	17	0
17	17	0
18	17	0
19	17	0
20	17	0
21	17	0
22	17	0
23	17	1.69848e-37
24	17	4.49913e-27
25	17	2.18282e-18
26	17	1.93968e-11
27	17	3.15692e-06
28	17	0.00941065
29	17	0.513804
30	17	0.513804
31	17	0.00941065
32	17	3.15692e-06
33	17	1.93968e-11
34	17	2.18282e-18
35	17	4.49913e-27
36	17	1.69848e-37
37	17	0
38	17	0
39	17	0
40	17	0
41	17	0
42	17	0
43	17	0
44	17	0
45	17	0
46	17	0
47	17	0
48	17	0
49	17	0
50	17	0
51	17	0
52	17	0
53	17	0
54	17	0
55	17	0
56	17	0
57	17	0
58	17	0
59	17	0

0	18	0
1	18	0
2	18	0
3	18	0
4	18	0
5	18	0
6	18	0
7	18	0
8	18	0
9	18	0
10	18	0
11	18	0
12	18	0
13	18	0
14	18	0
15	18	0
16	18	0
17	18	0
18	18	0
19	18	0
20	18	0
21	18	0
22	18	0
23	18	1.70505e-37
24	18	4.51652e-27
25	18	2.19126e-18
26	18	1.94718e-11
27	18	3.16913e-06
28	18	0.00944703
29	18	0.51579
30	18	0.51579
31	18	0.00944703
32	18	3.16913e-06
33	18	1.94718e-11
34	18	2.19126e-18
35	18	4.51652e-27
36	18	1.70505e-37
37	18	0
38	18	0
39	18	0
40	18	0
41	18	0
42	18	0
43	18	0
44	18	0
45	18	0
46	18	0
47	18	0
48	18	0
49	18	0
50	18	0
51	18	0
52	18	0
53	18	0
54	18	0
55	18	0
56	18	0
57	18	0
58	18	0
59	18	0

0	19	0
1	19	0
2	19	0
3	19	0
4	19	0
5	19	0
6	19	0
7	19	0
8	19	0
9	19	0
10	19	0
11	19	0
12	19	0
13	19	0
14	19	0
15	19	0
16	19	0
17	19	0
18	19	0
19	19	0
20	19	0
21	19	0
22	19	0
23	19	1.71171e-37
24	19	4.53418e-27
25	19	2.19983e-18
26	19	1.95479e-11
27	19	3.18152e-06
28	19	0.00948397
29	19	0.517807
30	19	0.517807
31	19	0.00948397
32	19	3.18152e-06
33	19	1.95479e-11
34	19	2.19983e-18
35	19	4.53418e-27
36	19	1.71171e-37
37	19	0
38	19	0
39	19	0
40	19	0
41	19	0
42	19	0
43	19	0
44	19	0
45	19	0
46	19	0
47	19	0
48	19	0
49	19	0
50	19	0
51	19	0
52	19	0
53	19	0
54	19	0
55	19	0
56	19	0
57	19	0
58	19	0
59	19	0

0	20	0
1	20	0
2	20	0
3	20	0
4	20	0
5	20	0
6	20	0
7	20	0
8	20	0
9	20	0
10	20	0
11	20	0
12	20	0
13	20	0
14	20	0
15	20	0
16	20	0
17	20	0
18	20	0
19	20	0
20	20	0
21	20	0
22	20	0
23	20	1.71849e-37
24	20	4.55212e-27
25	20	2.20853e-18
26	20	1.96252e-11
27	20	3.1941e-06
28	20	0.00952148
29	20	0.519855
30	20	0.519855
31	20	0.00952148
32	20	3.1941e-06
33	20	1.96252e-11
34	20	2.20853e-18
35	20	4.55212e-27
36	20	1.71849e-37
37	20	0
38	20	0
39	20	0
40	20	0
41	20	0
42	20	0
43	20	0
44	20	0
45	20	0
46	20	0
47	20	0
48	20	0
49	20	0
50	20	0
51	20	0
52	20	0
53	20	0
54	20	0
55	20	0
56	20	0
57	20	0
58	20	0
59	20	0

0	21	0
1	21	0
2	21	0
3	21	0
4	21	0
5	21	0
6	21	0
7	21	0
8	21	0
9	21	0
10	21	0
11	21	0
12	21	0
13	21	0
14	21	0
15	21	0
16	21	0
17	21	0
18	21	0
19	21	0
20	21	0
21	21	0
22	21	0
23	21	1.72536e-37
24	21	4.57033e-27
25	21	2.21737e-18
26	21	1.97038e-11
27	21	3.20688e-06
28	21	0.00955958
29	21	0.521935
30	21	0.521935
31	21	0.00955958
32	21	3.20688e-06
33	21	1.97038e-11
34	21	2.21737e-18
35	21	4.57033e-27
36	21	1.72536e-37
37	21	0
38	21	0
39	21	0
40	21	0
41	21	0
42	21	0
43	21	0
44	21	0
45	21	0
46	21	0
47	21	0
48	21	0
49	21	0
50	21	0
51	21	0
52	21	0
53	21	0
54	21	0
55	21	0
56	21	0
57	21	0
58	21	0
59	21	0

0	22	0
1	22	0
2	22	0
3	22	0
4	22	0
5	22	0
6	22	0
7	22	0
8	22	0
9	22	0
10	22	0
11	22	0
12	22	0
13	22	0
14	22	0
15	22	0
16	22	0
17	22	0
18	22	0
19	22	0
20	22	0
21	22	0
22	22	0
23	22	1.73235e-37
24	22	4.58884e-27
25	22	2.22634e-18
26	22	1.97835e-11
27	22	3.21987e-06
28	22	0.00959828
29	22	0.524049
30	22	0.524049
31	22	0.00959828
32	22	3.21987e-06
33	22	1.97835e-11
34	22	2.22634e-18
35	22	4.58884e-27
36	22	1.73235e-37
37	22	0
38	22	0
39	22	0
40	22	0
41	22	0
42	22	0
43	22	0
44	22	0
45	22	0
46	22	0
47	22	0
48	22	0
49	22	0
50	22	0
51	22	0
52	22	0
53	22	0
54	22	0
55	22	0
56	22	0
57	22	0
58	22	0
59	22	0

0	23	0
1	23	0
2	23	0
3	23	0
4	23	0
5	23	0
6	23	0
7	23	0
8	23	0
9	23	0
10	23	0
11	23	0
12	23	0
13	23	0
14	23	0
15	23	0
16	23	0
17	23	0
18	23	0
19	23	0
20	23	0
21	23	0
22	23	0
23	23	1.73945e-37
24	23	4.60764e-27
25	23	2.23547e-18
26	23	1.98646e-11
27	23	3.23306e-06
28	23	0.00963761
29	23	0.526196
30	23	0.526196
31	23	0.00963761
32	23	3.23306e-06
33	23	1.98646e-11
34	23	2.23547e-18
35	23	4.60764e-27
36	23	1.73945e-37
37	23	0
38	23	0
39	23	0
40	23	0
41	23	0
42	23	0
43	23	0
44	23	0
45	23	0
46	23	0
47	23	0
48	23	0
49	23	0
50	23	0
51	23	0
52	23	0
53	23	0
54	23	0
55	23	0
56	23	0
57	23	0
58	23	0
59	23	0

0	24	0
1	24	0
2	24	0
3	24	0
4	24	0
5	24	0
6	24	0
7	24	0
8	24	0
9	24	0
10	24	0
11	24	0
12	24	0
13	24	0
14	24	0
15	24	0
16	24	0
17	24	0
18	24	0
19	24	0
20	24	0
21	24	0
22	24	0
23	24	1.74666e-37
24	24	4.62675e-27
25	24	2.24474e-18
26	24	1.9947e-11
27	24	3.24647e-06
28	24	0.00967758
29	24	0.528378
30	24	0.528378
31	24	0.00967758
32	24	3.24647e-06
33	24	1.9947e-11
34	24	2.24474e-18
35	24	4.62675e-27
36	24	1.74666e-37
37	24	0
38	24	0
39	24	0
40	24	0
41	24	0
42	24	0
43	24	0
44	24	0
45	24	0
46	24	0
47	24	0
48	24	0
49	24	0
50	24	0
51	24	0
52	24	0
53	24	0
54	24	0
55	24	0
56	24	0
57	24	0
58	24	0
59	24	0

0	25	0
1	25	0
2	25	0
3	25	0
4	25	0
5	25	0
6	25	0
7	25	0
8	25	0
9	25	0
10	25	0
11	25	0
12	25	0
13	25	0
14	25	0
15	25	0
16	25	0
17	25	0
18	25	0
19	25	0
20	25	0
21	25	0
22	25	0
23	25	1.75399e-37
24	25	4.64617e-27
25	25	2.25416e-18
26	25	2.00307e-11
27	25	3.2601e-06
28	25	0.00971821
29	25	0.530596
30	25	0.530596
31	25	0.00971821
32	25	3.2601e-06
33	25	2.00307e-11
34	25	2.25416e-18
35	25	4.64617e-27
36	25	1.75399e-37
37	25	0
38	25	0
39	25	0
40	25	0
41	25	0
42	25	0
43	25	0
44	25	0
45	25	0
46	25	0
47	25	0
48	25	0
49	25	0
50	25	0
51	25	0
52	25	0
53	25	0
54	25	0
55	25	0
56	25	0
57	25	0
58	25	0
59	25	0

0	26	0
1	26	0
2	26	0
3	26	0
4	26	0
5	26	0
6	26	0
7	26	0
8	26	0
9	26	0
10	26	0
11	26	0
12	26	0
13	26	0
14	26	0
15	26	0
16	26	0
17	26	0
18	26	0
19	26	0
20	26	0
21	26	0
22	26	0
23	26	1.76145e-37
24	26	4.66592e-27
25	26	2.26374e-18
26	26	2.01159e-11
27	26	3.27395e-06
28	26	0.00975952
29	26	0.532852
30	26	0.532852
31	26	0.00975952
32	26	3.27395e-06
33	26	2.01159e-11
34	26	2.26374e-18
35	26	4.66592e-27
36	26	1.76145e-37
37	26	0
38	26	0
39	26	0
40	26	0
41	26	0
42	26	0
43	26	0
44	26	0
45	26	0
46	26	0
47	26	0
48	26	0
49	26	0
50	26	0
51	26	0
52	26	0
53	26	0
54	26	0
55	26	0
56	26	0
57	26	0
58	26	0
59	26	0

0	27	0
1	27	0
2	27	0
3	27	0
4	27	0
5	27	0
6	27	0
7	27	0
8	27	0
9	27	0
10	27	0
11	27	0
12	27	0
13	27	0
14	27	0
15	27	0
16	27	0
17	27	0
18	27	0
19	27	0
20	27	0
21	27	0
22	27	0
23	27	1.76903e-37
24	27	4.686e-27
25	27	2.27349e-18
26	27	2.02024e-11
27	27	3.28804e-06
28	27	0.00980152
29	27	0.535145
30	27	0.535145
31	27	0.00980152
32	27	3.28804e-06
33	27	2.02024e-11
34	27	2.27349e-18
35	27	4.686e-27
36	27	1.76903e-37
37	27	0
38	27	0
39	27	0
40	27	0
41	27	0
42	27	0
43	27	0
44	27	0
45	27	0
46	27	0
47	27	0
48	27	0
49	27	0
50	27	0
51	27	0
52	27	0
53	27	0
54	27	0
55	27	0
56	27	0
57	27	0
58	27	0
59	27	0

0	28	0
1	28	0
2	28	0
3	28	0
4	28	0
5	28	0
6	28	0
7	28	0
8	28	0
9	28	0
10	28	0
11	28	0
12	28	0
13	28	0
14	28	0
15	28	0
16	28	0
17	28	0
18	28	0
19	28	0
20	28	0
21	28	0
22	28	0
23	28	1.77674e-37
24	28	4.70643e-27
25	28	2.28339e-18
26	28	2.02905e-11
27	28	3.30238e-06
28	28	0.00984424
29	28	0.537477
30	28	0.537477
31	28	0.00984424
32	28	3.30238e-06
33	28	2.02905e-11
34	28	2.28339e-18
35	28	4.70643e-27
36	28	1.77674e-37
37	28	0
38	28	0
39	28	0
40	28	0
41	28	0
42	28	0
43	28	0
44	28	0
45	28	0
46	28	0
47	28	0
48	28	0
49	28	0
50	28	0
51	28	0
52	28	0
53	28	0
54	28	0
55	28	0
56	28	0
57	28	0
58	28	0
59	28	0

0	29	0
1	29	0
2	29	0
3	29	0
4	29	0
5	29	0
6	29	0
7	29	0
8	29	0
9	29	0
10	29	0
11	29	0
12	29	0
13	29	0
14	29	0
15	29	0
16	29	0
17	29	0
18	29	0
19	29	0
20	29	0
21	29	0
22	29	0
23	29	1.78458e-37
24	29	4.72721e-27
25	29	2.29348e-18
26	29	2.03801e-11
27	29	3.31696e-06
28	29	0.00988771
29	29	0.53985
30	29	0.53985
31	29	0.00988771
32	29	3.31696e-06
33	29	2.03801e-11
34	29	2.29348e-18
35	29	4.72721e-27
36	29	1.78458e-37
37	29	0
38	29	0
39	29	0
40	29	0
41	29	0
42	29	0
43	29	0
44	29	0
45	29	0
46	29	0
47	29	0
48	29	0
49	29	0
50	29	0
51	29	0
52	29	0
53	29	0
54	29	0
55	29	0
56	29	0
57	29	0
58	29	0
59	29	0

0	30	0
1	30	0
2	30	0
3	30	0
4	30	0
5	30	0
6	30	0
7	30	0
8	30	0
9	30	0
10	30	0
11	30	0
12	30	0
13	30	0
14	30	0
15	30	0
16	30	0
17	30	0
18	30	0
19	30	0
20	30	0
21	30	0
22	30	0
23	30	1.79257e-37
24	30	4.74835e-27
25	30	2.30373e-18
26	30	2.04712e-11
27	30	3.33179e-06
28	30	0.00993193
29	30	0.542265
30	30	0.542265
31	30	0.00993193
32	30	3.33179e-06
33	30	2.04712e-11
34	30	2.30373e-18
35	30	4.74835e-27
36	30	1.79257e-37
37	30	0
38	30	0
39	30	0
40	30	0
41	30	0
42	30	0
43	30	0
44	30	0
45	30	0
46	30	0
47	30	0
48	30	0
49	30	0
50	30	0
51	30	0
52	30	0
53	30	0
54	30	0
55	30	0
56	30	0
57	30	0
58	30	0
59	30	0

0	31	0
1	31	0
2	31	0
3	31	0
4	31	0
5	31	0
6	31	0
7	31	0
8	31	0
9	31	0
10	31	0
11	31	0
12	31	0
13	31	0
14	31	0
15	31	0
16	31	0
17	31	0
18	31	0
19	31	0
20	31	0
21	31	0
22	31	0
23	31	1.80069e-37
24	31	4.76987e-27
25	31	2.31417e-18
26	31	2.0564e-11
27	31	3.34689e-06
28	31	0.00997694
29	31	0.544723
30	31	0.544723
31	31	0.00997694
32	31	3.34689e-06
33	31	2.0564e-11
34	31	2.31417e-18
35	31	4.76987e-27
36	31	1.80069e-37
37	31	0
38	31	0
39	31	0
40	31	0
41	31	0
42	31	0
43	31	0
44	31	0
45	31	0
46	31	0
47	31	0
48	31	0
49	31	0
50	31	0
51	31	0
52	31	0
53	31	0
54	31	0
55	31	0
56	31	0
57	31	0
58	31	0
59	31	0

0	32	0
1	32	0
2	32	0
3	32	0
4	32	0
5	32	0
6	32	0
7	32	0
8	32	0
9	32	0
10	32	0
11	32	0
12	32	0
13	32	0
14	32	0
15	32	0
16	32	0
17	32	0
18	32	0
19	32	0
20	32	0
21	32	0
22	32	0
23	32	1.80896e-37
24	32	4.79178e-27
25	32	2.3248e-18
26	32	2.06585e-11
27	32	3.36226e-06
28	32	0.0100228
29	32	0.547225
30	32	0.547225
31	32	0.0100228
32	32	3.36226e-06
33	32	2.06585e-11
34	32	2.3248e-18
35	32	4.79178e-27
36	32	1.80896e-37
37	32	0
38	32	0
39	32	0
40	32	0
41	32	0
42	32	0
43	32	0
44	32	0
45	32	0
46	32	0
47	32	0
48	32	0
49	32	0
50	32	0
51	32	0
52	32	0
53	32	0
54	32	0
55	32	0
56	32	0
57	32	0
58	32	0
59	32	0

0	33	0
1	33	0
2	33	0
3	33	0
4	33	0
5	33	0
6	33	0
7	33	0
8	33	0
9	33	0
10	33	0
11	33	0
12	33	0
13	33	0
14	33	0
15	33	0
16	33	0
17	33	0
18	33	0
19	33	0
20	33	0
21	33	0
22	33	0
23	33	1.81738e-37
24	33	4.81409e-27
25	33	2.33563e-18
26	33	2.07547e-11
27	33	3.37792e-06
28	33	0.0100694
29	33	0.549772
30	33	0.549772
31	33	0.0100694
32	33	3.37792e-06
33	33	2.07547e-11
34	33	2.33563e-18
35	33	4.81409e-27
36	33	1.81738e-37
37	33	0
38	33	0
39	33	0
40	33	0
41	33	0
42	33	0
43	33	0
44	33	0
45	33	0
46	33	0
47	33	0
48	33	0
49	33	0
50	33	0
51	33	0
52	33	0
53	33	0
54	33	0
55	33	0
56	33	0
57	33	0
58	33	0
59	33	0

0	34	0
1	34	0
2	34	0
3	34	0
4	34	0
5	34	0
6	34	0
7	34	0
8	34	0
9	34	0
10	34	0
11	34	0
12	34	0
13	34	0
14	34	0
15	34	0
16	34	0
17	34	0
18	34	0
19	34	0
20	34	0
21	34	0
22	34	0
23	34	1.82596e-37
24	34	4.83681e-27
25	34	2.34665e-18
26	34	2.08526e-11
27	34	3.39386e-06
28	34	0.010117
29	34	0.552367
30	34	0.552367
31	34	0.010117
32	34	3.39386e-06
33	34	2.08526e-11
34	34	2.34665e-18
35	34	4.83681e-27
36	34	1.82596e-37
37	34	0
38	34	0
39	34	0
40	34	0
41	34	0
42	34	0
43	34	0
44	34	0
45	34	0
46	34	0
47	34	0
48	34	0
49	34	0
50	34	0
51	34	0
52	34	0
53	34	0
54	34	0
55	34	0
56	34	0
57	34	0
58	34	0
59	34	0

0	35	0
1	35	0
2	35	0
3	35	0
4	35	0
5	35	0
6	35	0
7	35	0
8	35	0
9	35	0
10	35	0
11	35	0
12	35	0
13	35	0
14	35	0
15	35	0
16	35	0
17	35	0
18	35	0
19	35	0
20	35	0
21	35	0
22	35	0
23	35	1.8347e-37
24	35	4.85996e-27
25	35	2.35788e-18
26	35	2.09524e-11
27	35	3.41011e-06
28	35	0.0101654
29	35	0.555011
30	35	0.555011
31	35	0.0101654
32	35	3.41011e-06
33	35	2.09524e-11
34	35	2.35788e-18
35	35	4.85996e-27
36	35	1.8347e-37
37	35	0
38	35	0
39	35	0
40	35	0
41	35	0
42	35	0
43	35	0
44	35	0
45	35	0
46	35	0
47	35	0
48	35	0
49	35	0
50	35	0
51	35	0
52	35	0
53	35	0
54	35	0
55	35	0
56	35	0
57	35	0
58	35	0
59	35	0

0	36	0
1	36	0
2	36	0
3	36	0
4	36	0
5	36	0
6	36	0
7	36	0
8	36	0
9	36	0
10	36	0
11	36	0
12	36	0
13	36	0
14	36	0
15	36	0
16	36	0
17	36	0
18	36	0
19	36	0
20	36	0
21	36	0
22	36	0
23	36	1.84361e-37
24	36	4.88355e-27
25	36	2.36933e-18
26	36	2.10541e-11
27	36	3.42666e-06
28	36	0.0102147
29	36	0.557705
30	36	0.557705
31	36	0.0102147
32	36	3.42666e-06
33	36	2.10541e-11
34	36	2.36933e-18
35	36	4.88355e-27
36	36	1.84361e-37
37	36	0
38	36	0
39	36	0
40	36	0
41	36	0
42	36	0
43	36	0
44	36	0
45	36	0
46	36	0
47	36	0
48	36	0
49	36	0
50	36	0
51	36	0
52	36	0
53	36	0
54	36	0
55	36	0
56	36	0
57	36	0
58	36	0
59	36	0

0	37	0
1	37	0
2	37	0
3	37	0
4	37	0
5	37	0
6	37	0
7	37	0
8	37	0
9	37	0
10	37	0
11	37	0
12	37	0
13	37	0
14	37	0
15	37	0
16	37	0
17	37	0
18	37	0
19	37	0
20	37	0
21	37	0
22	37	0
23	37	1.85268e-37
24	37	4.9076e-27
25	37	2.381e-18
26	37	2.11578e-11
27	37	3.44353e-06
28	37	0.010265
29	37	0.560452
30	37	0.560452
31	37	0.010265
32	37	3.44353e-06
33	37	2.11578e-11
34	37	2.381e-18
35	37	4.9076e-27
36	37	1.85268e-37
37	37	0
38	37	0
39	37	0
40	37	0
41	37	0
42	37	0
43	37	0
44	37	0
45	37	0
46	37	0
47	37	0
48	37	0
49	37	0
50	37	0
51	37	0
52	37	0
53	37	0
54	37	0
55	37	0
56	37	0
57	37	0
58	37	0
59	37	0

0	38	0
1	38	0
2	38	0
3	38	0
4	38	0
5	38	0
6	38	0
7	38	0
8	38	0
9	38	0
10	38	0
11	38	0
12	38	0
13	38	0
14	38	0
15	38	0
16	38	0
17	38	0
18	38	0
19	38	0
20	38	0
21	38	0
22	38	0
23	38	1.86194e-37
24	38	4.93212e-27
25	38	2.39289e-18
26	38	2.12635e-11
27	38	3.46074e-06
28	38	0.0103163
29	38	0.563252
30	38	0.563252
31	38	0.0103163
32	38	3.46074e-06
33	38	2.12635e-11
34	38	2.39289e-18
35	38	4.93212e-27
36	38	1.86194e-37
37	38	0
38	38	0
39	38	0
40	38	0
41	38	0
42	38	0
43	38	0
44	38	0
45	38	0
46	38	0
47	38	0
48	38	0
49	38	0
50	38	0
51	38	0
52	38	0
53	38	0
54	38	0
55	38	0
56	38	0
57	38	0
58	38	0
59	38	0

0	39	0
1	39	0
2	39	0
3	39	0
4	39	0
5	39	0
6	39	0
7	39	0
8	39	0
9	39	0
10	39	0
11	39	0
12	39	0
13	39	0
14	39	0
15	39	0
16	39	0
17	39	0
18	39	0
19	39	0
20	39	0
21	39	0
22	39	0
23	39	1.87138e-37
24	39	4.95713e-27
25	39	2.40503e-18
26	39	2.13713e-11
27	39	3.47829e-06
28	39	0.0103686
29	39	0.566108
30	39	0.566108
31	39	0.0103686
32	39	3.47829e-06
33	39	2.13713e-11
34	39	2.40503e-18
35	39	4.95713e-27
36	39	1.87138e-37
37	39	0
38	39	0
39	39	0
40	39	0
41	39	0
42	39	0
43	39	0
44	39	0
45	39	0
46	39	0
47	39	0
48	39	0
49	39	0
50	39	0
51	39	0
52	39	0
53	39	0
54	39	0
55	39	0
56	39	0
57	39	0
58	39	0
59	39	0

0	40	0
1	40	0
2	40	0
3	40	0
4	40	0
5	40	0
6	40	0
7	40	0
8	40	0
9	40	0
10	40	0
11	40	0
12	40	0
13	40	0
14	40	0
15	40	0
16	40	0
17	40	0
18	40	0
19	40	0
20	40	0
21	40	0
22	40	0
23	40	1.88101e-37
24	40	4.98264e-27
25	40	2.4174e-18
26	40	2.14813e-11
27	40	3.49619e-06
28	40	0.010422
29	40	0.569021
30	40	0.569021
31	40	0.010422
32	40	3.49619e-06
33	40	2.14813e-11
34	40	2.4174e-18
35	40	4.98264e-27
36	40	1.88101e-37
37	40	0
38	40	0
39	40	0
40	40	0
41	40	0
42	40	0
43	40	0
44	40	0
45	40	0
46	40	0
47	40	0
48	40	0
49	40	0
50	40	0
51	40	0
52	40	0
53	40	0
54	40	0
55	40	0
56	40	0
57	40	0
58	40	0
59	40	0

0	41	0
1	41	0
2	41	0
3	41	0
4	41	0
5	41	0
6	41	0
7	41	0
8	41	0
9	41	0
10	41	0
11	41	0
12	41	0
13	41	0
14	41	0
15	41	0
16	41	0
17	41	0
18	41	0
19	41	0
20	41	0
21	41	0
22	41	0
23	41	1.89084e-37
24	41	5.00868e-27
25	41	2.43004e-18
26	41	2.15936e-11
27	41	3.51446e-06
28	41	0.0104764
29	41	0.571995
30	41	0.571995
31	41	0.0104764
32	41	3.51446e-06
33	41	2.15936e-11
34	41	2.43004e-18
35	41	5.00868e-27
36	41	1.89084e-37
37	41	0
38	41	0
39	41	0
40	41	0
41	41	0
42	41	0
43	41	0
44	41	0
45	41	0
46	41	0
47	41	0
48	41	0
49	41	0
50	41	0
51	41	0
52	41	0
53	41	0
54	41	0
55	41	0
56	41	0
57	41	0
58	41	0
59	41	0

0	42	0
1	42	0
2	42	0
3	42	0
4	42	0
5	42	0
6	42	0
7	42	0
8	42	0
9	42	0
10	42	0
11	42	0
12	42	0
13	42	0
14	42	0
15	42	0
16	42	0
17	42	0
18	42	0
19	42	0
20	42	0
21	42	0
22	42	0
23	42	1.90088e-37
24	42	5.03526e-27
25	42	2.44293e-18
26	42	2.17082e-11
27	42	3.53311e-06
28	42	0.010532
29	42	0.57503
30	42	0.57503
31	42	0.010532
32	42	3.53311e-06
33	42	2.17082e-11
34	42	2.44293e-18
35	42	5.03526e-27
36	42	1.90088e-37
37	42	0
38	42	0
39	42	0
40	42	0
41	42	0
42	42	0
43	42	0
44	42	0
45	42	0
46	42	0
47	42	0
48	42	0
49	42	0
50	42	0
51	42	0
52	42	0
53	42	0
54	42	0
55	42	0
56	42	0
57	42	0
58	42	0
59	42	0

0	43	0
1	43	0
2	43	0
3	43	0
4	43	0
5	43	0
6	43	0
7	43	0
8	43	0
9	43	0
10	43	0
11	43	0
12	43	0
13	43	0
14	43	0
15	43	0
16	43	0
17	43	0
18	43	0
19	43	0
20	43	0
21	43	0
22	43	0
23	43	1.91112e-37
24	43	5.0624e-27
25	43	2.4561e-18
26	43	2.18252e-11
27	43	3.55215e-06
28	43	0.0105888
29	43	0.57813
30	43	0.57813
31	43	0.0105888
32	43	3.55215e-06
33	43	2.18252e-11
34	43	2.4561e-18
35	43	5.0624e-27
36	43	1.91112e-37
37	43	0
38	43	0
39	43	0
40	43	0
41	43	0
42	43	0
43	43	0
44	43	0
45	43	0
46	43	0
47	43	0
48	43	0
49	43	0
50	43	0
51	43	0
52	43	0
53	43	0
54	43	0
55	43	0
56	43	0
57	43	0
58	43	0
59	43	0

0	44	0
1	44	0
2	44	0
3	44	0
4	44	0
5	44	0
6	44	0
7	44	0
8	44	0
9	44	0
10	44	0
11	44	0
12	44	0
13	44	0
14	44	0
15	44	0
16	44	0
17	44	0
18	44	0
19	44	0
20	44	0
21	44	0
22	44	0
23	44	1.92159e-37
24	44	5.09013e-27
25	44	2.46955e-18
26	44	2.19447e-11
27	44	3.57161e-06
28	44	0.0106468
29	44	0.581297
30	44	0.581297
31	44	0.0106468
32	44	3.57161e-06
33	44	2.19447e-11
34	44	2.46955e-18
35	44	5.09013e-27
36	44	1.92159e-37
37	44	0
38	44	0
39	44	0
40	44	0
41	44	0
42	44	0
43	44	0
44	44	0
45	44	0
46	44	0
47	44	0
48	44	0
49	44	0
50	44	0
51	44	0
52	44	0
53	44	0
54	44	0
55	44	0
56	44	0
57	44	0
58	44	0
59	44	0

0	45	0
1	45	0
2	45	0
3	45	0
4	45	0
5	45	0
6	45	0
7	45	0
8	45	0
9	45	0
10	45	0
11	45	0
12	45	0
13	45	0
14	45	0
15	45	0
16	45	0
17	45	0
18	45	0
19	45	0
20	45	0
21	45	0
22	45	0
23	45	1.93229e-37
24	45	5.11846e-27
25	45	2.4833e-18
26	45	2.20669e-11
27	45	3.59149e-06
28	45	0.0107061
29	45	0.584532
30	45	0.584532
31	45	0.0107061
32	45	3.59149e-06
33	45	2.20669e-11
34	45	2.4833e-18
35	45	5.11846e-27
36	45	1.93229e-37
37	45	0
38	45	0
39	45	0
40	45	0
41	45	0
42	45	0
43	45	0
44	45	0
45	45	0
46	45	0
47	45	0
48	45	0
49	45	0
50	45	0
51	45	0
52	45	0
53	45	0
54	45	0
55	45	0
56	45	0
57	45	0
58	45	0
59	45	0

0	46	0
1	46	0
2	46	0
3	46	0
4	46	0
5	46	0
6	46	0
7	46	0
8	46	0
9	46	0
10	46	0
11	46	0
12	46	0
13	46	0
14	46	0
15	46	0
16	46	0
17	46	0
18	46	0
19	46	0
20	46	0
21	46	0
22	46	0
23	46	1.94322e-37
24	46	5.14743e-27
25	46	2.49735e-18
26	46	2.21918e-11
27	46	3.61181e-06
28	46	0.0107667
29	46	0.58784
30	46	0.58784
31	46	0.0107667
32	46	3.61181e-06
33	46	2.21918e-11
34	46	2.49735e-18
35	46	5.14743e-27
36	46	1.94322e-37
37	46	0
38	46	0
39	46	0
40	46	0
41	46	0
42	46	0
43	46	0
44	46	0
45	46	0
46	46	0
47	46	0
48	46	0
49	46	0
50	46	0
51	46	0
52	46	0
53	46	0
54	46	0
55	46	0
56	46	0
57	46	0
58	46	0
59	46	0

0	47	0
1	47	0
2	47	0
3	47	0
4	47	0
5	47	0
6	47	0
7	47	0
8	47	0
9	47	0
10	47	0
11	47	0
12	47	0
13	47	0
14	47	0
15	47	0
16	47	0
17	47	0
18	47	0
19	47	0
20	47	0
21	47	0
22	47	0
23	47	1.9544e-37
24	47	5.17705e-27
25	47	2.51172e-18
26	47	2.23194e-11
27	47	3.6326e-06
28	47	0.0108286
29	47	0.591223
30	47	0.591223
31	47	0.0108286
32	47	3.6326e-06
33	47	2.23194e-11
34	47	2.51172e-18
35	47	5.17705e-27
36	47	1.9544e-37
37	47	0
38	47	0
39	47	0
40	47	0
41	47	0
42	47	0
43	47	0
44	47	0
45	47	0
46	47	0
47	47	0
48	47	0
49	47	0
50	47	0
51	47	0
52	47	0
53	47	0
54	47	0
55	47	0
56	47	0
57	47	0
58	47	0
59	47	0

0	48	0
1	48	0
2	48	0
3	48	0
4	48	0
5	48	0
6	48	0
7	48	0
8	48	0
9	48	0
10	48	0
11	48	0
12	48	0
13	48	0
14	48	0
15	48	0
16	48	0
17	48	0
18	48	0
19	48	0
20	48	0
21	48	0
22	48	0
23	48	1.96584e-37
24	48	5.20735e-27
25	48	2.52642e-18
26	48	2.24501e-11
27	48	3.65386e-06
28	48	0.010892
29	48	0.594683
30	48	0.594683
31	48	0.010892
32	48	3.65386e-06
33	48	2.24501e-11
34	48	2.52642e-18
35	48	5.20735e-27
36	48	1.96584e-37
37	48	0
38	48	0
39	48	0
40	48	0
41	48	0
42	48	0
43	48	0
44	48	0
45	48	0
46	48	0
47	48	0
48	48	0
49	48	0
50	48	0
51	48	0
52	48	0
53	48	0
54	48	0
55	48	0
56	48	0
57	48	0
58	48	0
59	48	0

0	49	0
1	49	0
2	49	0
3	49	0
4	49	0
5	49	0
6	49	0
7	49	0
8	49	0
9	49	0
10	49	0
11	49	0
12	49	0
13	49	0
14	49	0
15	49	0
16	49	0
17	49	0
18	49	0
19	49	0
20	49	0
21	49	0
22	49	0
23	49	1.97755e-37
24	49	5.23836e-27
25	49	2.54147e-18
26	49	2.25838e-11
27	49	3.67562e-06
28	49	0.0109569
29	49	0.598224
30	49	0.598224
31	49	0.0109569
32	49	3.67562e-06
33	49	2.25838e-11
34	49	2.54147e-18
35	49	5.23836e-27
36	49	1.97755e-37
37	49	0
38	49	0
39	49	0
40	49	0
41	49	0
42	49	0
43	49	0
44	49	0
45	49	0
46	49	0
47	49	0
48	49	0
49	49	0
50	49	0
51	49	0
52	49	0
53	49	0
54	49	0
55	49	0
56	49	0
57	49	0
58	49	0
59	49	0

0	50	0
1	50	0
2	50	0
3	50	0
4	50	0
5	50	0
6	50	0
7	50	0
8	50	0
9	50	0
10	50	0
11	50	0
12	50	0
13	50	0
14	50	0
15	50	0
16	50	0
17	50	0
18	50	0
19	50	0
20	50	0
21	50	0
22	50	0
23	50	1.98954e-37
24	50	5.27011e-27
25	50	2.55687e-18
26	50	2.27207e-11
27	50	3.69789e-06
28	50	0.0110233
29	50	0.60185
30	50	0.60185
31	50	0.0110233
32	50	3.69789e-06
33	50	2.27207e-11
34	50	2.55687e-18
35	50	5.27011e-27
36	50	1.98954e-37
37	50	0
38	50	0
39	50	0
40	50	0
41	50	0
42	50	0
43	50	0
44	50	0
45	50	0
46	50	0
47	50	0
48	50	0
49	50	0
50	50	0
51	50	0
52	50	0
53	50	0
54	50	0
55	50	0
56	50	0
57	50	0
58	50	0
59	50	0

0	51	0
1	51	0
2	51	0
3	51	0
4	51	0
5	51	0
6	51	0
7	51	0
8	51	0
9	51	0
10	51	0
11	51	0
12	51	0
13	51	0
14	51	0
15	51	0
16	51	0
17	51	0
18	51	0
19	51	0
20	51	0
21	51	0
22	51	0
23	51	2.00181e-37
24	51	5.30263e-27
25	51	2.57265e-18
26	51	2.28608e-11
27	51	3.72071e-06
28	51	0.0110913
29	51	0.605564
30	51	0.605564
31	51	0.0110913
32	51	3.72071e-06
33	51	2.28608e-11
34	51	2.57265e-18
35	51	5.30263e-27
36	51	2.00181e-37
37	51	0
38	51	0
39	51	0
40	51	0
41	51	0
42	51	0
43	51	0
44	51	0
45	51	0
46	51	0
47	51	0
48	51	0
49	51	0
50	51	0
51	51	0
52	51	0
53	51	0
54	51	0
55	51	0
56	51	0
57	51	0
58	51	0
59	51	0

0	52	0
1	52	0
2	52	0
3	52	0
4	52	0
5	52	0
6	52	0
7	52	0
8	52	0
9	52	0
10	52	0
11	52	0
12	52	0
13	52	0
14	52	0
15	52	0
16	52	0
17	52	0
18	52	0
19	52	0
20	52	0
21	52	0
22	52	0
23	52	2.01439e-37
24	52	5.33595e-27
25	52	2.58882e-18
26	52	2.30045e-11
27	52	3.74409e-06
28	52	0.011161
29	52	0.609369
30	52	0.609369
31	52	0.011161
32	52	3.74409e-06
33	52	2.30045e-11
34	52	2.58882e-18
35	52	5.33595e-27
36	52	2.01439e-37
37	52	0
38	52	0
39	52	0
40	52	0
41	52	0
42	52	0
43	52	0
44	52	0
45	52	0
46	52	0
47	52	0
48	52	0
49	52	0
50	52	0
51	52	0
52	52	0
53	52	0
54	52	0
55	52	0
56	52	0
57	52	0
58	52	0
59	52	0

0	53	0
1	53	0
2	53	0
3	53	0
4	53	0
5	53	0
6	53	0
7	53	0
8	53	0
9	53	0
10	53	0
11	53	0
12	53	0
13	53	0
14	53	0
15	53	0
16	53	0
17	53	0
18	53	0
19	53	0
20	53	0
21	53	0
22	53	0
23	53	2.02729e-37
24	53	5.37011e-27
25	53	2.60539e-18
26	53	2.31518e-11
27	53	3.76807e-06
28	53	0.0112324
29	53	0.613271
30	53	0.613271
31	53	0.0112324
32	53	3.76807e-06
33	53	2.31518e-11
34	53	2.60539e-18
35	53	5.37011e-27
36	53	2.02729e-37
37	53	0
38	53	0
39	53	0
40	53	0
41	53	0
42	53	0
43	53	0
44	53	0
45	53	0
46	53	0
47	53	0
48	53	0
49	53	0
50	53	0
51	53	0
52	53	0
53	53	0
54	53	0
55	53	0
56	53	0
57	53	0
58	53	0
59	53	0

0	54	0
1	54	0
2	54	0
3	54	0
4	54	0
5	54	0
6	54	0
7	54	0
8	54	0
9	54	0
10	54	0
11	54	0
12	54	0
13	54	0
14	54	0
15	54	0
16	54	0
17	54	0
18	54	0
19	54	0
20	54	0
21	54	0
22	54	0
23	54	2.04052e-37
24	54	5.40515e-27
25	54	2.62239e-18
26	54	2.33028e-11
27	54	3.79265e-06
28	54	0.0113057
29	54	0.617272
30	54	0.617272
31	54	0.0113057
32	54	3.79265e-06
33	54	2.33028e-11
34	54	2.62239e-18
35	54	5.40515e-27
36	54	2.04052e-37
37	54	0
38	54	0
39	54	0
40	54	0
41	54	0
42	54	0
43	54	0
44	54	0
45	54	0
46	54	0
47	54	0
48	54	0
49	54	0
50	54	0
51	54	0
52	54	0
53	54	0
54	54	0
55	54	0
56	54	0
57	54	0
58	54	0
59	54	0

0	55	0
1	55	0
2	55	0
3	55	0
4	55	0
5	55	0
6	55	0
7	55	0
8	55	0
9	55	0
10	55	0
11	55	0
12	55	0
13	55	0
14	55	0
15	55	0
16	55	0
17	55	0
18	55	0
19	55	0
20	55	0
21	55	0
22	55	0
23	55	2.05409e-37
24	55	5.44111e-27
25	55	2.63984e-18
26	55	2.34579e-11
27	55	3.81788e-06
28	55	0.0113809
29	55	0.621378
30	55	0.621378
31	55	0.0113809
32	55	3.81788e-06
33	55	2.34579e-11
34	55	2.63984e-18
35	55	5.44111e-27
36	55	2.05409e-37
37	55	0
38	55	0
39	55	0
40	55	0
41	55	0
42	55	0
43	55	0
44	55	0
45	55	0
46	55	0
47	55	0
48	55	0
49	55	0
50	55	0
51	55	0
52	55	0
53	55	0
54	55	0
55	55	0
56	55	0
57	55	0
58	55	0
59	55	0

0	56	0
1	56	0
2	56	0
3	56	0
4	56	0
5	56	0
6	56	0
7	56	0
8	56	0
9	56	0
10	56	0
11	56	0
12	56	0
13	56	0
14	56	0
15	56	0
16	56	0
17	56	0
18	56	0
19	56	0
20	56	0
21	56	0
22	56	0
23	56	2.06803e-37
24	56	5.47803e-27
25	56	2.65775e-18
26	56	2.36171e-11
27	56	3.84379e-06
28	56	0.0114582
29	56	0.625595
30	56	0.625595
31	56	0.0114582
32	56	3.84379e-06
33	56	2.36171e-11
34	56	2.65775e-18
35	56	5.47803e-27
36	56	2.06803e-37
37	56	0
38	56	0
39	56	0
40	56	0
41	56	0
42	56	0
43	56	0
44	56	0
45	56	0
46	56	0
47	56	0
48	56	0
49	56	0
50	56	0
51	56	0
52	56	0
53	56	0
54	56	0
55	56	0
56	56	0
57	56	0
58	56	0
59	56	0

0	57	0
1	57	0
2	57	0
3	57	0
4	57	0
5	57	0
6	57	0
7	57	0
8	57	0
9	57	0
10	57	0
11	57	0
12	57	0
13	57	0
14	57	0
15	57	0
16	57	0
17	57	0
18	57	0
19	57	0
20	57	0
21	57	0
22	57	0
23	57	2.08236e-37
24	57	5.51599e-27
25	57	2.67616e-18
26	57	2.37807e-11
27	57	3.87042e-06
28	57	0.0115376
29	57	0.62993
30	57	0.62993
31	57	0.0115376
32	57	3.87042e-06
33	57	2.37807e-11
34	57	2.67616e-18
35	57	5.51599e-27
36	57	2.08236e-37
37	57	0
38	57	0
39	57	0
40	57	0
41	57	0
42	57	0
43	57	0
44	57	0
45	57	0
46	57	0
47	57	0
48	57	0
49	57	0
50	57	0
51	57	0
52	57	0
53	57	0
54	57	0
55	57	0
56	57	0
57	57	0
58	57	0
59	57	0

0	58	0
1	58	0
2	58	0
3	58	0
4	58	0
5	58	0
6	58	0
7	58	0
8	58	0
9	58	0
10	58	0
11	58	0
12	58	0
13	58	0
14	58	0
15	58	0
16	58	0
17	58	0
18	58	0
19	58	0
20	58	0
21	58	0
22	58	0
23	58	2.09711e-37
24	58	5.55506e-27
25	58	2.69512e-18
26	58	2.39492e-11
27	58	3.89784e-06
28	58	0.0116193
29	58	0.634392
30	58	0.634392
31	58	0.0116193
32	58	3.89784e-06
33	58	2.39492e-11
34	58	2.69512e-18
35	58	5.55506e-27
36	58	2.09711e-37
37	58	0
38	58	0
39	58	0
40	58	0
41	58	0
42	58	0
43	58	0
44	58	0
45	58	0
46	58	0
47	58	0
48	58	0
49	58	0
50	58	0
51	58	0
52	58	0
53	58	0
54	58	0
55	58	0
56	58	0
57	58	0
58	58	0
59	58	0

0	59	0
1	59	0
2	59	0
3	59	0
4	59	0
5	59	0
6	59	0
7	59	0
8	59	0
9	59	0
10	59	0
11	59	0
12	59	0
13	59	0
14	59	0
15	59	0
16	59	0
17	59	0
18	59	0
19	59	0
20	59	0
21	59	0
22	59	0
23	59	2.11235e-37
24	59	5.59542e-27
25	59	2.7147e-18
26	59	2.41232e-11
27	59	3.92616e-06
28	59	0.0117037
29	59	0.639001
30	59	0.639001
31	59	0.0117037
32	59	3.92616e-06
33	59	2.41232e-11
34	59	2.7147e-18
35	59	5.59542e-27
36	59	2.11235e-37
37	59	0
38	59	0
39	59	0
40	59	0
41	59	0
42	59	0
43	59	0
44	59	0
45	59	0
46	59	0
47	59	0
48	59	0
49	59	0
50	59	0
51	59	0
52	59	0
53	59	0
54	59	0
55	59	0
56	59	0
57	59	0
58	59	0
59	59	0

0	60	0
1	60	0
2	60	0
3	60	0
4	60	0
5	60	0
6	60	0
7	60	0
8	60	0
9	60	0
10	60	0
11	60	0
12	60	0
13	60	0
14	60	0
15	60	0
16	60	0
17	60	0
18	60	0
19	60	0
20	60	0
21	60	0
22	60	0
23	60	2.12817e-37
24	60	5.63733e-27
25	60	2.73504e-18
26	60	2.43038e-11
27	60	3.95557e-06
28	60	0.0117914
29	60	0.643787
30	60	0.643787
31	60	0.0117914
32	60	3.95557e-06
33	60	2.43038e-11
34	60	2.73504e-18
35	60	5.63733e-27
36	60	2.12817e-37
37	60	0
38	60	0
39	60	0
40	60	0
41	60	0
42	60	0
43	60	0
44	60	0
45	60	0
46	60	0
47	60	0
48	60	0
49	60	0
50	60	0
51	60	0
52	60	0
53	60	0
54	60	0
55	60	0
56	60	0
57	60	0
58	60	0
59	60	0

0	61	0
1	61	0
2	61	0
3	61	0
4	61	0
5	61	0
6	61	0
7	61	0
8	61	0
9	61	0
10	61	0
11	61	0
12	61	0
13	61	0
14	61	0
15	61	0
16	61	0
17	61	0
18	61	0
19	61	0
20	61	0
21	61	0
22	61	0
23	61	2.14475e-37
24	61	5.68126e-27
25	61	2.75635e-18
26	61	2.44932e-11
27	61	3.98639e-06
28	61	0.0118833
29	61	0.648804
30	61	0.648804
31	61	0.0118833
32	61	3.98639e-06
33	61	2.44932e-11
34	61	2.75635e-18
35	61	5.68126e-27
36	61	2.14475e-37
37	61	0
38	61	0
39	61	0
40	61	0
41	61	0
42	61	0
43	61	0
44	61	0
45	61	0
46	61	0
47	61	0
48	61	0
49	61	0
50	61	0
51	61	0
52	61	0
53	61	0
54	61	0
55	61	0
56	61	0
57	61	0
58	61	0
59	61	0

0	62	0
1	62	0
2	62	0
3	62	0
4	62	0
5	62	0
6	62	0
7	62	0
8	62	0
9	62	0
10	62	0
11	62	0
12	62	0
13	62	0
14	62	0
15	62	0
16	62	0
17	62	0
18	62	0
19	62	0
20	62	0
21	62	0
22	62	0
23	62	2.16237e-37
24	62	5.72793e-27
25	62	2.77899e-18
26	62	2.46944e-11
27	62	4.01914e-06
28	62	0.0119809
29	62	0.654134
30	62	0.654134
31	62	0.0119809
32	62	4.01914e-06
33	62	2.46944e-11
34	62	2.77899e-18
35	62	5.72793e-27
36	62	2.16237e-37
37	62	0
38	62	0
39	62	0
40	62	0
41	62	0
42	62	0
43	62	0
44	62	0
45	62	0
46	62	0
47	62	0
48	62	0
49	62	0
50	62	0
51	62	0
52	62	0
53	62	0
54	62	0
55	62	0
56	62	0
57	62	0
58	62	0
59	62	0

0	63	0
1	63	0
2	63	0
3	63	0
4	63	0
5	63	0
6	63	0
7	63	0
8	63	0
9	63	0
10	63	0
11	63	0
12	63	0
13	63	0
14	63	0
15	63	0
16	63	0
17	63	0
18	63	0
19	63	0
20	63	0
21	63	0
22	63	0
23	63	2.18139e-37
24	63	5.77831e-27
25	63	2.80343e-18
26	63	2.49116e-11
27	63	4.05449e-06
28	63	0.0120863
29	63	0.659887
30	63	0.659887
31	63	0.0120863
32	63	4.05449e-06
33	63	2.49116e-11
34	63	2.80343e-18
35	63	5.77831e-27
36	63	2.18139e-37
37	63	0
38	63	0
39	63	0
40	63	0
41	63	0
42	63	0
43	63	0
44	63	0
45	63	0
46	63	0
47	63	0
48	63	0
49	63	0
50	63	0
51	63	0
52	63	0
53	63	0
54	63	0
55	63	0
56	63	0
57	63	0
58	63	0
59	63	0

0	64	0
1	64	0
2	64	0
3	64	0
4	64	0
5	64	0
6	64	0
7	64	0
8	64	0
9	64	0
10	64	0
11	64	0
12	64	0
13	64	0
14	64	0
15	64	0
16	64	0
17	64	0
18	64	0
19	64	0
20	64	0
21	64	0
22	64	0
23	64	2.20224e-37
24	64	5.83354e-27
25	64	2.83023e-18
26	64	2.51498e-11
27	64	4.09324e-06
28	64	0.0122018
29	64	0.666195
30	64	0.666195
31	64	0.0122018
32	64	4.09324e-06
33	64	2.51498e-11
34	64	2.83023e-18
35	64	5.83354e-27
36	64	2.20224e-37
37	64	0
38	64	0
39	64	0
40	64	0
41	64	0
42	64	0
43	64	0
44	64	0
45	64	0
46	64	0
47	64	0
48	64	0
49	64	0
50	64	0
51	64	0
52	64	0
53	64	0
54	64	0
55	64	0
56	64	0
57	64	0
58	64	0
59	64	0

0	65	0
1	65	0
2	65	0
3	65	0
4	65	0
5	65	0
6	65	0
7	65	0
8	65	0
9	65	0
10	65	0
11	65	0
12	65	0
13	65	0
14	65	0
15	65	0
16	65	0
17	65	0
18	65	0
19	65	0
20	65	0
21	65	0
22	65	0
23	65	2.22535e-37
24	65	5.89477e-27
25	65	2.85994e-18
26	65	2.54137e-11
27	65	4.1362e-06
28	65	0.0123298
29	65	0.673187
30	65	0.673187
31	65	0.0123298
32	65	4.1362e-06
33	65	2.54137e-11
34	65	2.85994e-18
35	65	5.89477e-27
36	65	2.22535e-37
37	65	0
38	65	0
39	65	0
40	65	0
41	65	0
42	65	0
43	65	0
44	65	0
45	65	0
46	65	0
47	65	0
48	65	0
49	65	0
50	65	0
51	65	0
52	65	0
53	65	0
54	65	0
55	65	0
56	65	0
57	65	0
58	65	0
59	65	0

0	66	0
1	66	0
2	66	0
3	66	0
4	66	0
5	66	0
6	66	0
7	66	0
8	66	0
9	66	0
10	66	0
11	66	0
12	66	0
13	66	0
14	66	0
15	66	0
16	66	0
17	66	0
18	66	0
19	66	0
20	66	0
21	66	0
22	66	0
23	66	2.25106e-37
24	66	5.96285e-27
25	66	2.89297e-18
26	66	2.57072e-11
27	66	4.18398e-06
28	66	0.0124723
29	66	0.680962
30	66	0.680962
31	66	0.0124723
32	66	4.18398e-06
33	66	2.57072e-11
34	66	2.89297e-18
35	66	5.96285e-27
36	66	2.25106e-37
37	66	0
38	66	0
39	66	0
40	66	0
41	66	0
42	66	0
43	66	0
44	66	0
45	66	0
46	66	0
47	66	0
48	66	0
49	66	0
50	66	0
51	66	0
52	66	0
53	66	0
54	66	0
55	66	0
56	66	0
57	66	0
58	66	0
59	66	0

0	67	0
1	67	0
2	67	0
3	67	0
4	67	0
5	67	0
6	67	0
7	67	0
8	67	0
9	67	0
10	67	0
11	67	0
12	67	0
13	67	0
14	67	0
15	67	0
16	67	0
17	67	0
18	67	0
19	67	0
20	67	0
21	67	0
22	67	0
23	67	3.7496e-37
24	67	8.61579e-27
25	67	3.71298e-18
26	67	3.00098e-11
27	67	4.54904e-06
28	67	0.0129327
29	67	0.689565
30	67	0.689565
31	67	0.0129327
32	67	4.54904e-06
33	67	3.00098e-11
34	67	3.71298e-18
35	67	8.61579e-27
36	67	3.7496e-37
37	67	0
38	67	0
39	67	0
40	67	0
41	67	0
42	67	0
43	67	0
44	67	0
45	67	0
46	67	0
47	67	0
48	67	0
49	67	0
50	67	0
51	67	0
52	67	0
53	67	0
54	67	0
55	67	0
56	67	0
57	67	0
58	67	0
59	67	0

0	68	0
1	68	0
2	68	0
3	68	0
4	68	0
5	68	0
6	68	0
7	68	0
8	68	0
9	68	0
10	68	0
11	68	0
12	68	0
13	68	0
14	68	0
15	68	0
16	68	0
17	68	0
18	68	0
19	68	0
20	68	0
21	68	0
22	68	0
23	68	4.35031e-36
24	68	4.98112e-26
25	68	1.20134e-17
26	68	6.10293e-11
27	68	6.53044e-06
28	68	0.014719
29	68	0.698789
30	68	0.698789
31	68	0.014719
32	68	6.53044e-06
33	68	6.10293e-11
34	68	1.20134e-17
35	68	4.98112e-26
36	68	4.35031e-36
37	68	0
38	68	0
39	68	0
40	68	0
41	68	0
42	68	0
43	68	0
44	68	0
45	68	0
46	68	0
47	68	0
48	68	0
49	68	0
50	68	0
51	68	0
52	68	0
53	68	0
54	68	0
55	68	0
56	68	0
57	68	0
58	68	0
59	68	0

0	69	0
1	69	0
2	69	0
3	69	0
4	69	0
5	69	0
6	69	0
7	69	0
8	69	0
9	69	0
10	69	0
11	69	0
12	69	0
13	69	0
14	69	0
15	69	0
16	69	0
17	69	0
18	69	0
19	69	0
20	69	0
21	69	0
22	69	0
23	69	4.5454e-35
24	69	2.6726e-25
25	69	3.69886e-17
26	69	1.20497e-10
27	69	9.23968e-06
28	69	0.0166767
29	69	0.708497
30	69	0.708497
31	69	0.0166767
32	69	9.23968e-06
33	69	1.20497e-10
34	69	3.69886e-17
35	69	2.6726e-25
36	69	4.5454e-35
37	69	0
38	69	0
39	69	0
40	69	0
41	69	0
42	69	0
43	69	0
44	69	0
45	69	0
46	69	0
47	69	0
48	69	0
49	69	0
50	69	0
51	69	0
52	69	0
53	69	0
54	69	0
55	69	0
56	69	0
57	69	0
58	69	0
59	69	0

0	70	0
1	70	0
2	70	0
3	70	0
4	70	0
5	70	0
6	70	0
7	70	0
8	70	0
9	70	0
10	70	0
11	70	0
12	70	0
13	70	0
14	70	0
15	70	0
16	70	0
17	70	0
18	70	0
19	70	0
20	70	0
21	70	0
22	70	2.8026e-45
23	70	4.30232e-34
24	70	1.33639e-24
25	70	1.08674e-16
26	70	2.31354e-10
27	70	1.28941e-05
28	70	0.0188135
29	70	0.718633
30	70	0.718633
31	70	0.0188135
32	70	1.28941e-05
33	70	2.31354e-10
34	70	1.08674e-16
35	70	1.33639e-24
36	70	4.30232e-34
37	70	2.8026e-45
38	70	0
39	70	0
40	70	0
41	70	0
42	70	0
43	70	0
44	70	0
45	70	0
46	70	0
47	70	0
48	70	0
49	70	0
50	70	0
51	70	0
52	70	0
53	70	0
54	70	0
55	70	0
56	70	0
57	70	0
58	70	0
59	70	0

0	71	0
1	71	0
2	71	0
3	71	0
4	71	0
5	71	0
6	71	0
7	71	0
8	71	0
9	71	0
10	71	0
11	71	0
12	71	0
13	71	0
14	71	0
15	71	0
16	71	0
17	71	0
18	71	0
19	71	0
20	71	0
21	71	0
22	71	6.30584e-44
23	71	3.70915e-33
24	71	6.25175e-24
25	71	3.05451e-16
26	71	4.32604e-10
27	71	1.77605e-05
28	71	0.0211363
29	71	0.72915
30	71	0.72915
31	71	0.0211363
32	71	1.77605e-05
33	71	4.32604e-10
34	71	3.05451e-16
35	71	6.25175e-24
36	71	3.70915e-33
37	71	6.30584e-44
38	71	0
39	71	0
40	71	0
41	71	0
42	71	0
43	71	0
44	71	0
45	71	0
46	71	0
47	71	0
48	71	0
49	71	0
50	71	0
51	71	0
52	71	0
53	71	0
54	71	0
55	71	0
56	71	0
57	71	0
58	71	0
59	71	0

0	72	0
1	72	0
2	72	0
3	72	0
4	72	0
5	72	0
6	72	0
7	72	0
8	72	0
9	72	0
10	72	0
11	72	0
12	72	0
13	72	0
14	72	0
15	72	0
16	72	0
17	72	0
18	72	0
19	72	0
20	72	0
21	72	0
22	72	9.97725e-43
23	72	2.92766e-32
24	72	2.74618e-23
25	72	8.23316e-16
26	72	7.88929e-10
27	72	2.41625e-05
28	72	0.0236525
29	72	0.740023
30	72	0.740023
31	72	0.0236525
32	72	2.41625e-05
33	72	7.88929e-10
34	72	8.23316e-16
35	72	2.74618e-23
36	72	2.92766e-32
37	72	9.97725e-43
38	72	0
39	72	0
40	72	0
41	72	0
42	72	0
43	72	0
44	72	0
45	72	0
46	72	0
47	72	0
48	72	0
49	72	0
50	72	0
51	72	0
52	72	0
53	72	0
54	72	0
55	72	0
56	72	0
57	72	0
58	72	0
59	72	0

0	73	0
1	73	0
2	73	0
3	73	0
4	73	0
5	73	0
6	73	0
7	73	0
8	73	0
9	73	0
10	73	0
11	73	0
12	73	0
13	73	0
14	73	0
15	73	0
16	73	0
17	73	0
18	73	0
19	73	0
20	73	0
21	73	0
22	73	1.39569e-41
23	73	2.12577e-31
24	73	1.13656e-22
25	73	2.133e-15
26	73	1.4051e-09
27	73	3.24899e-05
28	73	0.0263698
29	73	0.751254
30	73	0.751254
31	73	0.0263698
32	73	3.24899e-05
33	73	1.4051e-09
34	73	2.133e-15
35	73	1.13656e-22
36	73	2.12577e-31
37	73	1.39569e-41
38	73	0
39	73	0
40	73	0
41	73	0
42	73	0
43	73	0
44	73	0
45	73	0
46	73	0
47	73	0
48	73	0
49	73	0
50	73	0
51	73	0
52	73	0
53	73	0
54	73	0
55	73	0
56	73	0
57	73	0
58	73	0
59	73	0

0	74	0
1	74	0
2	74	0
3	74	0
4	74	0
5	74	0
6	74	0
7	74	0
8	74	0
9	74	0
10	74	0
11	74	0
12	74	0
13	74	0
14	74	0
15	74	0
16	74	0
17	74	0
18	74	0
19	74	0
20	74	0
21	74	0
22	74	1.75719e-40
23	74	1.42634e-30
24	74	4.44635e-22
25	74	5.32294e-15
26	74	2.44721e-09
27	74	4.32076e-05
28	74	0.0292968
29	74	0.762869
30	74	0.762869
31	74	0.0292968
32	74	4.32076e-05
33	74	2.44721e-09
34	74	5.32294e-15
35	74	4.44635e-22
36	74	1.42634e-30
37	74	1.75719e-40
38	74	0
39	74	0
40	74	0
41	74	0
42	74	0
43	74	0
44	74	0
45	74	0
46	74	0
47	74	0
48	74	0
49	74	0
50	74	0
51	74	0
52	74	0
53	74	0
54	74	0
55	74	0
56	74	0
57	74	0
58	74	0
59	74	0

0	75	0
1	75	0
2	75	0
3	75	0
4	75	0
5	75	0
6	75	0
7	75	0
8	75	0
9	75	0
10	75	0
11	75	0
12	75	0
13	75	0
14	75	0
15	75	0
16	75	0
17	75	0
18	75	0
19	75	0
20	75	0
21	75	0
22	75	2.00252e-39
23	75	8.88169e-30
24	75	1.64923e-21
25	75	1.28215e-14
26	75	4.17314e-09
27	75	5.68666e-05
28	75	0.0324429
29	75	0.774909
30	75	0.774909
31	75	0.0324429
32	75	5.68666e-05
33	75	4.17314e-09
34	75	1.28215e-14
35	75	1.64923e-21
36	75	8.88169e-30
37	75	2.00252e-39
38	75	0
39	75	0
40	75	0
41	75	0
42	75	0
43	75	0
44	75	0
45	75	0
46	75	0
47	75	0
48	75	0
49	75	0
50	75	0
51	75	0
52	75	0
53	75	0
54	75	0
55	75	0
56	75	0
57	75	0
58	75	0
59	75	0

0	76	0
1	76	0
2	76	0
3	76	0
4	76	0
5	76	0
6	76	0
7	76	0
8	76	0
9	76	0
10	76	0
11	76	0
12	76	0
13	76	0
14	76	0
15	76	0
16	76	0
17	76	0
18	76	0
19	76	0
20	76	0
21	76	0
22	76	2.07647e-38
23	76	5.15283e-29
24	76	5.81656e-21
25	76	2.98663e-14
26	76	6.9758e-09
27	76	7.41144e-05
28	76	0.0358187
29	76	0.787431
30	76	0.787431
31	76	0.0358187
32	76	7.41144e-05
33	76	6.9758e-09
34	76	2.98663e-14
35	76	5.81656e-21
36	76	5.15283e-29
37	76	2.07647e-38
38	76	0
39	76	0
40	76	0
41	76	0
42	76	0
43	76	0
44	76	0
45	76	0
46	76	0
47	76	0
48	76	0
49	76	0
50	76	0
51	76	0
52	76	0
53	76	0
54	76	0
55	76	0
56	76	0
57	76	0
58	76	0
59	76	0

0	77	0
1	77	0
2	77	0
3	77	0
4	77	0
5	77	0
6	77	0
7	77	0
8	77	0
9	77	0
10	77	0
11	77	0
12	77	0
13	77	0
14	77	0
15	77	0
16	77	0
17	77	0
18	77	0
19	77	0
20	77	0
21	77	0
22	77	1.96883e-37
23	77	2.79575e-28
24	77	1.95576e-20
25	77	6.74005e-14
26	77	1.1443e-08
27	77	9.57085e-05
28	77	0.0394357
29	77	0.800496
30	77	0.800496
31	77	0.0394357
32	77	9.57085e-05
33	77	1.1443e-08
34	77	6.74005e-14
35	77	1.95576e-20
36	77	2.79575e-28
37	77	1.96883e-37
38	77	0
39	77	0
40	77	0
41	77	0
42	77	0
43	77	0
44	77	0
45	77	0
46	77	0
47	77	0
48	77	0
49	77	0
50	77	0
51	77	0
52	77	0
53	77	0
54	77	0
55	77	0
56	77	0
57	77	0
58	77	0
59	77	0

0	78	0
1	78	0
2	78	0
3	78	0
4	78	0
5	78	0
6	78	0
7	78	0
8	78	0
9	78	0
10	78	0
11	78	0
12	78	0
13	78	0
14	78	0
15	78	0
16	78	0
17	78	0
18	78	0
19	78	0
20	78	0
21	78	0
22	78	1.71492e-36
23	78	1.42352e-27
24	78	6.28524e-20
25	78	1.47612e-13
26	78	1.844e-08
27	78	0.000122529
28	78	0.0433071
29	78	0.814177
30	78	0.814177
31	78	0.0433071
32	78	0.000122529
33	78	1.844e-08
34	78	1.47612e-13
35	78	6.28524e-20
36	78	1.42352e-27
37	78	1.71492e-36
38	78	0
39	78	0
40	78	0
41	78	0
42	78	0
43	78	0
44	78	0
45	78	0
46	78	0
47	78	0
48	78	0
49	78	0
50	78	0
51	78	0
52	78	0
53	78	0
54	78	0
55	78	0
56	78	0
57	78	0
58	78	0
59	78	0

0	79	0
1	79	0
2	79	0
3	79	0
4	79	0
5	79	0
6	79	0
7	79	0
8	79	0
9	79	0
10	79	0
11	79	0
12	79	0
13	79	0
14	79	0
15	79	0
16	79	0
17	79	0
18	79	0
19	79	0
20	79	0
21	79	1.4013e-45
22	79	1.37827e-35
23	79	6.82465e-27
24	79	1.93518e-19
25	79	3.14234e-13
26	79	2.922e-08
27	79	0.000155597
28	79	0.0474475
29	79	0.828553
30	79	0.828553
31	79	0.0474475
32	79	0.000155597
33	79	2.922e-08
34	79	3.14234e-13
35	79	1.93518e-19
36	79	6.82465e-27
37	79	1.37827e-35
38	79	1.4013e-45
39	79	0
40	79	0
41	79	0
42	79	0
43	79	0
44	79	0
45	79	0
46	79	0
47	79	0
48	79	0
49	79	0
50	79	0
51	79	0
52	79	0
53	79	0
54	79	0
55	79	0
56	79	0
57	79	0
58	79	0
59	79	0

0	80	0
1	80	0
2	80	0
3	80	0
4	80	0
5	80	0
6	80	0
7	80	0
8	80	0
9	80	0
10	80	0
11	80	0
12	80	0
13	80	0
14	80	0
15	80	0
16	80	0
17	80	0
18	80	0
19	80	0
20	80	0
21	80	2.10195e-44
22	80	1.02624e-34
23	80	3.09021e-26
24	80	5.72105e-19
25	80	6.51203e-13
26	80	4.5573e-08
27	80	0.000196088
28	80	0.0518738
29	80	0.843716
30	80	0.843716
31	80	0.0518738
32	80	0.000196088
33	80	4.5573e-08
34	80	6.51203e-13
35	80	5.72105e-19
36	80	3.09021e-26
37	80	1.02624e-34
38	80	2.10195e-44
39	80	0
40	80	0
41	80	0
42	80	0
43	80	0
44	80	0
45	80	0
46	80	0
47	80	0
48	80	0
49	80	0
50	80	0
51	80	0
52	80	0
53	80	0
54	80	0
55	80	0
56	80	0
57	80	0
58	80	0
59	80	0

0	81	0
1	81	0
2	81	0
3	81	0
4	81	0
5	81	0
6	81	0
7	81	0
8	81	0
9	81	0
10	81	0
11	81	0
12	81	0
13	81	0
14	81	0
15	81	0
16	81	0
17	81	0
18	81	0
19	81	0
20	81	0
21	81	2.50832e-43
22	81	7.10672e-34
23	81	1.3254e-25
24	81	1.62742e-18
25	81	1.31561e-12
26	81	7.0021e-08
27	81	0.000245361
28	81	0.0566052
29	81	0.859768
30	81	0.859768
31	81	0.0566052
32	81	0.000245361
33	81	7.0021e-08
34	81	1.31561e-12
35	81	1.62742e-18
36	81	1.3254e-25
37	81	7.10672e-34
38	81	2.50832e-43
39	81	0
40	81	0
41	81	0
42	81	0
43	81	0
44	81	0
45	81	0
46	81	0
47	81	0
48	81	0
49	81	0
50	81	0
51	81	0
52	81	0
53	81	0
54	81	0
55	81	0
56	81	0
57	81	0
58	81	0
59	81	0

0	82	0
1	82	0
2	82	0
3	82	0
4	82	0
5	82	0
6	82	0
7	82	0
8	82	0
9	82	0
10	82	0
11	82	0
12	82	0
13	82	0
14	82	0
15	82	0
16	82	0
17	82	0
18	82	0
19	82	0
20	82	0
21	82	2.74795e-42
22	82	4.59388e-33
23	82	5.39961e-25
24	82	4.46337e-18
25	82	2.59466e-12
26	82	1.06075e-07
27	82	0.000304975
28	82	0.0616638
29	82	0.876827
30	82	0.876827
31	82	0.0616638
32	82	0.000304975
33	82	1.06075e-07
34	82	2.59466e-12
35	82	4.46337e-18
36	82	5.39961e-25
37	82	4.59388e-33
38	82	2.74795e-42
39	82	0
40	82	0
41	82	0
42	82	0
43	82	0
44	82	0
45	82	0
46	82	0
47	82	0
48	82	0
49	82	0
50	82	0
51	82	0
52	82	0
53	82	0
54	82	0
55	82	0
56	82	0
57	82	0
58	82	0
59	82	0

0	83	0
1	83	0
2	83	0
3	83	0
4	83	0
5	83	0
6	83	0
7	83	0
8	83	0
9	83	0
10	83	0
11	83	0
12	83	0
13	83	0
14	83	0
15	83	0
16	83	0
17	83	0
18	83	0
19	83	0
20	83	0
21	83	2.76756e-41
22	83	2.78142e-32
23	83	2.09487e-24
24	83	1.18244e-17
25	83	5.00188e-12
26	83	1.58568e-07
27	83	0.000376726
28	83	0.0670759
29	83	0.895028
30	83	0.895028
31	83	0.0670759
32	83	0.000376726
33	83	1.58568e-07
34	83	5.00188e-12
35	83	1.18244e-17
36	83	2.09487e-24
37	83	2.78142e-32
38	83	2.76756e-41
39	83	0
40	83	0
41	83	0
42	83	0
43	83	0
44	83	0
45	83	0
46	83	0
47	83	0
48	83	0
49	83	0
50	83	0
51	83	0
52	83	0
53	83	0
54	83	0
55	83	0
56	83	0
57	83	0
58	83	0
59	83	0

0	84	0
1	84	0
2	84	0
3	84	0
4	84	0
5	84	0
6	84	0
7	84	0
8	84	0
9	84	0
10	84	0
11	84	0
12	84	0
13	84	0
14	84	0
15	84	0
16	84	0
17	84	0
18	84	0
19	84	0
20	84	0
21	84	2.5718e-40
22	84	1.58248e-31
23	84	7.75894e-24
24	84	3.03131e-17
25	84	9.43667e-12
26	84	2.34083e-07
27	84	0.000462683
28	84	0.0728718
29	84	0.914529
30	84	0.914529
31	84	0.0728718
32	84	0.000462683
33	84	2.34083e-07
34	84	9.43667e-12
35	84	3.03131e-17
36	84	7.75894e-24
37	84	1.58248e-31
38	84	2.5718e-40
39	84	0
40	84	0
41	84	0
42	84	0
43	84	0
44	84	0
45	84	0
46	84	0
47	84	0
48	84	0
49	84	0
50	84	0
51	84	0
52	84	0
53	84	0
54	84	0
55	84	0
56	84	0
57	84	0
58	84	0
59	84	0

0	85	0
1	85	0
2	85	0
3	85	0
4	85	0
5	85	0
6	85	0
7	85	0
8	85	0
9	85	0
10	85	0
11	85	0
12	85	0
13	85	0
14	85	0
15	85	0
16	85	0
17	85	0
18	85	0
19	85	0
20	85	0
21	85	2.21425e-39
22	85	8.48677e-31
23	85	2.74993e-23
24	85	7.53281e-17
25	85	1.74444e-11
26	85	3.41518e-07
27	85	0.000565239
28	85	0.0790881
29	85	0.935515
30	85	0.935515
31	85	0.0790881
32	85	0.000565239
33	85	3.41518e-07
34	85	1.74444e-11
35	85	7.53281e-17
36	85	2.74993e-23
37	85	8.48677e-31
38	85	2.21425e-39
39	85	0
40	85	0
41	85	0
42	85	0
43	85	0
44	85	0
45	85	0
46	85	0
47	85	0
48	85	0
49	85	0
50	85	0
51	85	0
52	85	0
53	85	0
54	85	0
55	85	0
56	85	0
57	85	0
58	85	0
59	85	0

0	86	0
1	86	0
2	86	0
3	86	0
4	86	0
5	86	0
6	86	0
7	86	0
8	86	0
9	86	0
10	86	0
11	86	0
12	86	0
13	86	0
14	86	0
15	86	0
16	86	0
17	86	0
18	86	0
19	86	0
20	86	0
21	86	1.77293e-38
22	86	4.30279e-30
23	86	9.34713e-23
24	86	1.81749e-16
25	86	3.16326e-11
26	86	4.92793e-07
27	86	0.000687166
28	86	0.0857682
29	86	0.958206
30	86	0.958206
31	86	0.0857682
32	86	0.000687166
33	86	4.92793e-07
34	86	3.16326e-11
35	86	1.81749e-16
36	86	9.34713e-23
37	86	4.30279e-30
38	86	1.77293e-38
39	86	0
40	86	0
41	86	0
42	86	0
43	86	0
44	86	0
45	86	0
46	86	0
47	86	0
48	86	0
49	86	0
50	86	0
51	86	0
52	86	0
53	86	0
54	86	0
55	86	0
56	86	0
57	86	0
58	86	0
59	86	0

0	87	0
1	87	0
2	87	0
3	87	0
4	87	0
5	87	0
6	87	0
7	87	0
8	87	0
9	87	0
10	87	0
11	87	0
12	87	0
13	87	0
14	87	0
15	87	0
16	87	0
17	87	0
18	87	0
19	87	0
20	87	0
21	87	1.32484e-37
22	87	2.0681e-29
23	87	3.05353e-22
24	87	4.26438e-16
25	87	5.63295e-11
26	87	7.03784e-07
27	87	0.000831701
28	87	0.0929649
29	87	0.982867
30	87	0.982867
31	87	0.0929649
32	87	0.000831701
33	87	7.03784e-07
34	87	5.63295e-11
35	87	4.26438e-16
36	87	3.05353e-22
37	87	2.0681e-29
38	87	1.32484e-37
39	87	0
40	87	0
41	87	0
42	87	0
43	87	0
44	87	0
45	87	0
46	87	0
47	87	0
48	87	0
49	87	0
50	87	0
51	87	0
52	87	0
53	87	0
54	87	0
55	87	0
56	87	0
57	87	0
58	87	0
59	87	0

0	88	0
1	88	0
2	88	0
3	88	0
4	88	0
5	88	0
6	88	0
7	88	0
8	88	0
9	88	0
10	88	0
11	88	0
12	88	0
13	88	0
14	88	0
15	88	0
16	88	0
17	88	0
18	88	0
19	88	0
20	88	0
21	88	9.27059e-37
22	88	9.44843e-29
23	88	9.60685e-22
24	88	9.74474e-16
25	88	9.86117e-11
26	88	9.95531e-07
27	88	0.00100265
28	88	0.100742
29	88	1.00982
30	88	1.00982
31	88	0.100742
32	88	0.00100265
33	88	9.95531e-07
34	88	9.86117e-11
35	88	9.74474e-16
36	88	9.60685e-22
37	88	9.44843e-29
38	88	9.27059e-37
39	88	0
40	88	0
41	88	0
42	88	0
43	88	0
44	88	0
45	88	0
46	88	0
47	88	0
48	88	0
49	88	0
50	88	0
51	88	0
52	88	0
53	88	0
54	88	0
55	88	0
56	88	0
57	88	0
58	88	0
59	88	0

0	89	0
1	89	0
2	89	0
3	89	0
4	89	0
5	89	0
6	89	0
7	89	0
8	89	0
9	89	0
10	89	0
11	89	0
12	89	0
13	89	0
14	89	0
15	89	0
16	89	0
17	89	0
18	89	0
19	89	0
20	89	9.80909e-45
21	89	6.09466e-36
22	89	4.11387e-28
23	89	2.91669e-21
24	89	2.17204e-15
25	89	1.69895e-10
26	89	1.39583e-06
27	89	0.00120454
28	89	0.109181
29	89	1.03946
30	89	1.03946
31	89	0.109181
32	89	0.00120454
33	89	1.39583e-06
34	89	1.69895e-10
35	89	2.17204e-15
36	89	2.91669e-21
37	89	4.11387e-28
38	89	6.09466e-36
39	89	9.80909e-45
40	89	0
41	89	0
42	89	0
43	89	0
44	89	0
45	89	0
46	89	0
47	89	0
48	89	0
49	89	0
50	89	0
51	89	0
52	89	0
53	89	0
54	89	0
55	89	0
56	89	0
57	89	0
58	89	0
59	89	0

0	90	0
1	90	0
2	90	0
3	90	0
4	90	0
5	90	0
6	90	0
7	90	0
8	90	0
9	90	0
10	90	0
11	90	0
12	90	0
13	90	0
14	90	0
15	90	0
16	90	0
17	90	0
18	90	0
19	90	0
20	90	9.10844e-44
21	90	3.77606e-35
22	90	1.71129e-27
23	90	8.5619e-21
24	90	4.72916e-15
25	90	2.88377e-10
26	90	1.94134e-06
27	90	0.00144281
28	90	0.11838
29	90	1.0723
30	90	1.0723
31	90	0.11838
32	90	0.00144281
33	90	1.94134e-06
34	90	2.88377e-10
35	90	4.72916e-15
36	90	8.5619e-21
37	90	1.71129e-27
38	90	3.77606e-35
39	90	9.10844e-44
40	90	0
41	90	0
42	90	0
43	90	0
44	90	0
45	90	0
46	90	0
47	90	0
48	90	0
49	90	0
50	90	0
51	90	0
52	90	0
53	90	0
54	90	0
55	90	0
56	90	0
57	90	0
58	90	0
59	90	0

0	91	0
1	91	0
2	91	0
3	91	0
4	91	0
5	91	0
6	91	0
7	91	0
8	91	0
9	91	0
10	91	0
11	91	0
12	91	0
13	91	0
14	91	0
15	91	0
16	91	0
17	91	0
18	91	0
19	91	0
20	91	8.29569e-43
21	91	2.21152e-34
22	91	6.81759e-27
23	91	2.43474e-20
24	91	1.0073e-14
25	91	4.82774e-10
26	91	2.68048e-06
27	91	0.00172411
28	91	0.128469
29	91	1.10896
30	91	1.10896
31	91	0.128469
32	91	0.00172411
33	91	2.68048e-06
34	91	4.82774e-10
35	91	1.0073e-14
36	91	2.43474e-20
37	91	6.81759e-27
38	91	2.21152e-34
39	91	8.29569e-43
40	91	0
41	91	0
42	91	0
43	91	0
44	91	0
45	91	0
46	91	0
47	91	0
48	91	0
49	91	0
50	91	0
51	91	0
52	91	0
53	91	0
54	91	0
55	91	0
56	91	0
57	91	0
58	91	0
59	91	0

0	92	0
1	92	0
2	92	0
3	92	0
4	92	0
5	92	0
6	92	0
7	92	0
8	92	0
9	92	0
10	92	0
11	92	0
12	92	0
13	92	0
14	92	0
15	92	0
16	92	0
17	92	0
18	92	0
19	92	0
20	92	7.02051e-42
21	92	1.22808e-33
22	92	2.60763e-26
23	92	6.72032e-20
24	92	2.10211e-14
25	92	7.98073e-10
26	92	3.6775e-06
27	92	0.00205677
28	92	0.139618
29	92	1.15032
30	92	1.15032
31	92	0.139618
32	92	0.00205677
33	92	3.6775e-06
34	92	7.98073e-10
35	92	2.10211e-14
36	92	6.72032e-20
37	92	2.60763e-26
38	92	1.22808e-33
39	92	7.02051e-42
40	92	0
41	92	0
42	92	0
43	92	0
44	92	0
45	92	0
46	92	0
47	92	0
48	92	0
49	92	0
50	92	0
51	92	0
52	92	0
53	92	0
54	92	0
55	92	0
56	92	0
57	92	0
58	92	0
59	92	0

0	93	0
1	93	0
2	93	0
3	93	0
4	93	0
5	93	0
6	93	0
7	93	0
8	93	0
9	93	0
10	93	0
11	93	0
12	93	0
13	93	0
14	93	0
15	93	0
16	93	0
17	93	0
18	93	0
19	93	0
20	93	5.56372e-41
21	93	6.48567e-33
22	93	9.59953e-26
23	93	1.8041e-19
24	93	4.3051e-14
25	93	1.30442e-09
26	93	5.01842e-06
27	93	0.00245148
28	93	0.152056
29	93	1.19754
30	93	1.19754
31	93	0.152056
32	93	0.00245148
33	93	5.01842e-06
34	93	1.30442e-09
35	93	4.3051e-14
36	93	1.8041e-19
37	93	9.59953e-26
38	93	6.48567e-33
39	93	5.56372e-41
40	93	0
41	93	0
42	93	0
43	93	0
44	93	0
45	93	0
46	93	0
47	93	0
48	93	0
49	93	0
50	93	0
51	93	0
52	93	0
53	93	0
54	93	0
55	93	0
56	93	0
57	93	0
58	93	0
59	93	0

0	94	0
1	94	0
2	94	0
3	94	0
4	94	0
5	94	0
6	94	0
7	94	0
8	94	0
9	94	0
10	94	0
11	94	0
12	94	0
13	94	0
14	94	0
15	94	0
16	94	0
17	94	0
18	94	0
19	94	0
20	94	4.15387e-40
21	94	3.26828e-32
22	94	3.4109e-25
23	94	4.72169e-19
24	94	8.66979e-14
25	94	2.11155e-09
26	94	6.82143e-06
27	94	0.00292302
28	94	0.166138
29	94	1.25253
30	94	1.25253
31	94	0.166138
32	94	0.00292302
33	94	6.82143e-06
34	94	2.11155e-09
35	94	8.66979e-14
36	94	4.72169e-19
37	94	3.4109e-25
38	94	3.26828e-32
39	94	4.15387e-40
40	94	0
41	94	0
42	94	0
43	94	0
44	94	0
45	94	0
46	94	0
47	94	0
48	94	0
49	94	0
50	94	0
51	94	0
52	94	0
53	94	0
54	94	0
55	94	0
56	94	0
57	94	0
58	94	0
59	94	0

0	95	0
1	95	0
2	95	0
3	95	0
4	95	0
5	95	0
6	95	0
7	95	0
8	95	0
9	95	0
10	95	0
11	95	0
12	95	0
13	95	0
14	95	0
15	95	0
16	95	0
17	95	0
18	95	0
19	95	0
20	95	2.93227e-39
21	95	1.57659e-31
22	95	1.17298e-24
23	95	1.20757e-18
24	95	1.72024e-13
25	95	3.39095e-09
26	95	9.24923e-06
27	95	0.00349095
28	95	0.182321
29	95	1.3176
30	95	1.3176
31	95	0.182321
32	95	0.00349095
33	95	9.24923e-06
34	95	3.39095e-09
35	95	1.72024e-13
36	95	1.20757e-18
37	95	1.17298e-24
38	95	1.57659e-31
39	95	2.93227e-39
40	95	0
41	95	0
42	95	0
43	95	0
44	95	0
45	95	0
46	95	0
47	95	0
48	95	0
49	95	0
50	95	0
51	95	0
52	95	0
53	95	0
54	95	0
55	95	0
56	95	0
57	95	0
58	95	0
59	95	0

0	96	0
1	96	0
2	96	0
3	96	0
4	96	0
5	96	0
6	96	0
7	96	0
8	96	0
9	96	0
10	96	0
11	96	0
12	96	0
13	96	0
14	96	0
15	96	0
16	96	0
17	96	0
18	96	0
19	96	0
20	96	1.96632e-38
21	96	7.31066e-31
22	96	3.91843e-24
23	96	3.02778e-18
24	96	3.3728e-13
25	96	5.41644e-09
26	96	1.25398e-05
27	96	0.00418529
28	96	0.201379
29	96	1.39688
30	96	1.39688
31	96	0.201379
32	96	0.00418529
33	96	1.25398e-05
34	96	5.41644e-09
35	96	3.3728e-13
36	96	3.02778e-18
37	96	3.91843e-24
38	96	7.31066e-31
39	96	1.96632e-38
40	96	0
41	96	0
42	96	0
43	96	0
44	96	0
45	96	0
46	96	0
47	96	0
48	96	0
49	96	0
50	96	0
51	96	0
52	96	0
53	96	0
54	96	0
55	96	0
56	96	0
57	96	0
58	96	0
59	96	0

0	97	0
1	97	0
2	97	0
3	97	0
4	97	0
5	97	0
6	97	0
7	97	0
8	97	0
9	97	0
10	97	0
11	97	0
12	97	0
13	97	0
14	97	0
15	97	0
16	97	0
17	97	0
18	97	0
19	97	0
20	97	1.25883e-37
21	97	3.27328e-30
22	97	1.27676e-23
23	97	7.4704e-18
24	97	6.55674e-13
25	97	8.63259e-09
26	97	1.70492e-05
27	97	0.00505099
28	97	0.22447
29	97	1.4964
30	97	1.4964
31	97	0.22447
32	97	0.00505099
33	97	1.70492e-05
34	97	8.63259e-09
35	97	6.55674e-13
36	97	7.4704e-18
37	97	1.27676e-23
38	97	3.27328e-30
39	97	1.25883e-37
40	97	0
41	97	0
42	97	0
43	97	0
44	97	0
45	97	0
46	97	0
47	97	0
48	97	0
49	97	0
50	97	0
51	97	0
52	97	0
53	97	0
54	97	0
55	97	0
56	97	0
57	97	0
58	97	0
59	97	0

0	98	0
1	98	0
2	98	0
3	98	0
4	98	0
5	98	0
6	98	0
7	98	0
8	98	0
9	98	0
10	98	0
11	98	0
12	98	0
13	98	0
14	98	0
15	98	0
16	98	0
17	98	0
18	98	0
19	98	5.60519e-45
20	98	7.73336e-37
21	98	1.42177e-29
22	98	4.07502e-23
23	98	1.82083e-17
24	98	1.26836e-12
25	98	1.37739e-08
26	98	2.33188e-05
27	98	0.00615452
28	98	0.253232
29	98	1.62436
30	98	1.62436
31	98	0.253232
32	98	0.00615452
33	98	2.33188e-05
34	98	1.37739e-08
35	98	1.26836e-12
36	98	1.82083e-17
37	98	4.07502e-23
38	98	1.42177e-29
39	98	7.73336e-37
40	98	5.60519e-45
41	98	0
42	98	0
43	98	0
44	98	0
45	98	0
46	98	0
47	98	0
48	98	0
49	98	0
50	98	0
51	98	0
52	98	0
53	98	0
54	98	0
55	98	0
56	98	0
57	98	0
58	98	0
59	98	0

0	99	0
1	99	0
2	99	0
3	99	0
4	99	0
5	99	0
6	99	0
7	99	0
8	99	0
9	99	0
10	99	0
11	99	0
12	99	0
13	99	0
14	99	0
15	99	0
16	99	0
17	99	0
18	99	0
19	99	5.60519e-44
20	99	4.57677e-36
21	99	6.01183e-29
22	99	1.27795e-22
23	99	4.39628e-17
24	99	2.44746e-12
25	99	2.205e-08
26	99	3.21487e-05
27	99	0.0075854
28	99	0.289638
29	99	1.78976
30	99	1.78976
31	99	0.289638
32	99	0.0075854
33	99	3.21487e-05
34	99	2.205e-08
35	99	2.44746e-12
36	99	4.39628e-17
37	99	1.27795e-22
38	99	6.01183e-29
39	99	4.57677e-36
40	99	5.60519e-44
41	99	0
42	99	0
43	99	0
44	99	0
45	99	0
46	99	0
47	99	0
48	99	0
49	99	0
50	99	0
51	99	0
52	99	0
53	99	0
54	99	0
55	99	0
56	99	0
57	99	0
58	99	0
59	99	0

0	100	0
1	100	0
2	100	0
3	100	0
4	100	0
5	100	0
6	100	0
7	100	0
8	100	0
9	100	0
10	100	0
11	100	0
12	100	0
13	100	0
14	100	0
15	100	0
16	100	0
17	100	0
18	100	0
19	100	4.62428e-43
20	100	2.61021e-35
21	100	2.47437e-28
22	100	3.93598e-22
23	100	1.05062e-16
24	100	4.70585e-12
25	100	3.53698e-08
26	100	4.46095e-05
27	100	0.00944111
28	100	0.33529
29	100	1.99811
30	100	1.99811
31	100	0.33529
32	100	0.00944111
33	100	4.46095e-05
34	100	3.53698e-08
35	100	4.70585e-12
36	100	1.05062e-16
37	100	3.93598e-22
38	100	2.47437e-28
39	100	2.61021e-35
40	100	4.62428e-43
41	100	0
42	100	0
43	100	0
44	100	0
45	100	0
46	100	0
47	100	0
48	100	0
49	100	0
50	100	0
51	100	0
52	100	0
53	100	0
54	100	0
55	100	0
56	100	0
57	100	0
58	100	0
59	100	0

0	101	0
1	101	0
2	101	0
3	101	0
4	101	0
5	101	0
6	101	0
7	101	0
8	101	0
9	101	0
10	101	0
11	101	0
12	101	0
13	101	0
14	101	0
15	101	0
16	101	0
17	101	0
18	101	0
19	101	3.59153e-42
20	101	1.42682e-34
21	101	9.8557e-28
22	101	1.18326e-21
23	101	2.46918e-16
24	101	8.95567e-12
25	101	5.64573e-08
26	101	6.1861e-05
27	101	0.0117812
28	101	0.389977
29	101	2.24369
30	101	2.24369
31	101	0.389977
32	101	0.0117812
33	101	6.1861e-05
34	101	5.64573e-08
35	101	8.95567e-12
36	101	2.46918e-16
37	101	1.18326e-21
38	101	9.8557e-28
39	101	1.42682e-34
40	101	3.59153e-42
41	101	0
42	101	0
43	101	0
44	101	0
45	101	0
46	101	0
47	101	0
48	101	0
49	101	0
50	101	0
51	101	0
52	101	0
53	101	0
54	101	0
55	101	0
56	101	0
57	101	0
58	101	0
59	101	0

0	102	0
1	102	0
2	102	0
3	102	0
4	102	0
5	102	0
6	102	0
7	102	0
8	102	0
9	102	0
10	102	0
11	102	0
12	102	0
13	102	0
14	102	0
15	102	0
16	102	0
17	102	0
18	102	0
19	102	2.61678e-41
20	102	7.3909e-34
21	102	3.75463e-27
22	102	3.43039e-21
23	102	5.63666e-16
24	102	1.66573e-11
25	102	8.85297e-08
26	102	8.46207e-05
27	102	0.0145468
28	102	0.44974
29	102	2.50068
30	102	2.50068
31	102	0.44974
32	102	0.0145468
33	102	8.46207e-05
34	102	8.85297e-08
35	102	1.66573e-11
36	102	5.63666e-16
37	102	3.43039e-21
38	102	3.75463e-27
39	102	7.3909e-34
40	102	2.61678e-41
41	102	0
42	102	0
43	102	0
44	102	0
45	102	0
46	102	0
47	102	0
48	102	0
49	102	0
50	102	0
51	102	0
52	102	0
53	102	0
54	102	0
55	102	0
56	102	0
57	102	0
58	102	0
59	102	0

0	103	0
1	103	0
2	103	0
3	103	0
4	103	0
5	103	0
6	103	0
7	103	0
8	103	0
9	103	0
10	103	0
11	103	0
12	103	0
13	103	0
14	103	0
15	103	0
16	103	0
17	103	0
18	103	0
19	103	1.76198e-40
20	103	3.5727e-33
21	103	1.34675e-26
22	103	9.43807e-21
23	103	1.22964e-15
24	103	2.97833e-11
25	103	1.34112e-07
26	103	0.000112271
27	103	0.0174729
28	103	0.505548
29	103	2.71933
30	103	2.71933
31	103	0.505548
32	103	0.0174729
33	103	0.000112271
34	103	1.34112e-07
35	103	2.97833e-11
36	103	1.22964e-15
37	103	9.43807e-21
38	103	1.34675e-26
39	103	3.5727e-33
40	103	1.76198e-40
41	103	0
42	103	0
43	103	0
44	103	0
45	103	0
46	103	0
47	103	0
48	103	0
49	103	0
50	103	0
51	103	0
52	103	0
53	103	0
54	103	0
55	103	0
56	103	0
57	103	0
58	103	0
59	103	0

0	104	0
1	104	0
2	104	0
3	104	0
4	104	0
5	104	0
6	104	0
7	104	0
8	104	0
9	104	0
10	104	0
11	104	0
12	104	0
13	104	0
14	104	0
15	104	0
16	104	0
17	104	0
18	104	0
19	104	1.0792e-39
20	104	1.58581e-32
21	104	4.47389e-26
22	104	2.42328e-20
23	104	2.52004e-15
24	104	5.0315e-11
25	104	1.92873e-07
26	104	0.000141949
27	104	0.0200574
28	104	0.544133
29	104	2.83413
30	104	2.83413
31	104	0.544133
32	104	0.0200574
33	104	0.000141949
34	104	1.92873e-07
35	104	5.0315e-11
36	104	2.52004e-15
37	104	2.42328e-20
38	104	4.47389e-26
39	104	1.58581e-32
40	104	1.0792e-39
41	104	0
42	104	0
43	104	0
44	104	0
45	104	0
46	104	0
47	104	0
48	104	0
49	104	0
50	104	0
51	104	0
52	104	0
53	104	0
54	104	0
55	104	0
56	104	0
57	104	0
58	104	0
59	104	0

0	105	0
1	105	0
2	105	0
3	105	0
4	105	0
5	105	0
6	105	0
7	105	0
8	105	0
9	105	0
10	105	0
11	105	0
12	105	0
13	105	0
14	105	0
15	105	0
16	105	0
17	105	0
18	105	0
19	105	5.92814e-39
20	105	6.37089e-32
21	105	1.35629e-25
22	105	5.71978e-20
23	105	4.77834e-15
24	105	7.90761e-11
25	105	2.5923e-07
26	105	0.000168344
27	105	0.0216563
28	105	0.551874
29	105	2.78592
30	105	2.78592
31	105	0.551874
32	105	0.0216563
33	105	0.000168344
34	105	2.5923e-07
35	105	7.90761e-11
36	105	4.77834e-15
37	105	5.71978e-20
38	105	1.35629e-25
39	105	6.37089e-32
40	105	5.92814e-39
41	105	0
42	105	0
43	105	0
44	105	0
45	105	0
46	105	0
47	105	0
48	105	0
49	105	0
50	105	0
51	105	0
52	105	0
53	105	0
54	105	0
55	105	0
56	105	0
57	105	0
58	105	0
59	105	0

0	106	0
1	106	0
2	106	0
3	106	0
4	106	0
5	106	0
6	106	0
7	106	0
8	106	0
9	106	0
10	106	0
11	106	0
12	106	0
13	106	0
14	106	0
15	106	0
16	106	0
17	106	0
18	106	0
19	106	2.88806e-38
20	106	2.29007e-31
21	106	3.70822e-25
22	106	1.22619e-19
23	106	8.27998e-15
24	106	1.14176e-10
25	106	3.2151e-07
26	106	0.000184881
27	106	0.0217102
28	106	0.520611
29	106	2.5494
30	106	2.5494
31	106	0.520611
32	106	0.0217102
33	106	0.000184881
34	106	3.2151e-07
35	106	1.14176e-10
36	106	8.27998e-15
37	106	1.22619e-19
38	106	3.70822e-25
39	106	2.29007e-31
40	106	2.88806e-38
41	106	0
42	106	0
43	106	0
44	106	0
45	106	0
46	106	0
47	106	0
48	106	0
49	106	0
50	106	0
51	106	0
52	106	0
53	106	0
54	106	0
55	106	0
56	106	0
57	106	0
58	106	0
59	106	0

0	107	0
1	107	0
2	107	0
3	107	0
4	107	0
5	107	0
6	107	0
7	107	0
8	107	0
9	107	0
10	107	0
11	107	0
12	107	0
13	107	0
14	107	0
15	107	0
16	107	0
17	107	0
18	107	2.8026e-45
19	107	1.23769e-37
20	107	7.303e-31
21	107	9.06355e-25
22	107	2.36595e-19
23	107	1.29905e-14
24	107	1.50023e-10
25	107	3.6442e-07
26	107	0.00018619
27	107	0.0200089
28	107	0.452272
29	107	2.15025
30	107	2.15025
31	107	0.452272
32	107	0.0200089
33	107	0.00018619
34	107	3.6442e-07
35	107	1.50023e-10
36	107	1.29905e-14
37	107	2.36595e-19
38	107	9.06355e-25
39	107	7.303e-31
40	107	1.23769e-37
41	107	2.8026e-45
42	107	0
43	107	0
44	107	0
45	107	0
46	107	0
47	107	0
48	107	0
49	107	0
50	107	0
51	107	0
52	107	0
53	107	0
54	107	0
55	107	0
56	107	0
57	107	0
58	107	0
59	107	0

0	108	0
1	108	0
2	108	0
3	108	0
4	108	0
5	108	0
6	108	0
7	108	0
8	108	0
9	108	0
10	108	0
11	108	0
12	108	0
13	108	0
14	108	0
15	108	0
16	108	0
17	108	0
18	108	2.24208e-44
19	108	4.63947e-37
20	108	2.05375e-30
21	108	1.96798e-24
22	108	4.08212e-19
23	108	1.83291e-14
24	108	1.78151e-10
25	108	3.74825e-07
26	108	0.000170711
27	108	0.01683
28	108	0.359171
29	108	1.65924
30	108	1.65924
31	108	0.359171
32	108	0.01683
33	108	0.000170711
34	108	3.74825e-07
35	108	1.78151e-10
36	108	1.83291e-14
37	108	4.08212e-19
38	108	1.96798e-24
39	108	2.05375e-30
40	108	4.63947e-37
41	108	2.24208e-44
42	108	0
43	108	0
44	108	0
45	108	0
46	108	0
47	108	0
48	108	0
49	108	0
50	108	0
51	108	0
52	108	0
53	108	0
54	108	0
55	108	0
56	108	0
57	108	0
58	108	0
59	108	0

0	109	0
1	109	0
2	109	0
3	109	0
4	109	0
5	109	0
6	109	0
7	109	0
8	109	0
9	109	0
10	109	0
11	109	0
12	109	0
13	109	0
14	109	0
15	109	0
16	109	0
17	109	0
18	109	1.00893e-43
19	109	1.51545e-36
20	109	5.07265e-30
21	109	3.77971e-24
22	109	6.26923e-19
23	109	2.31472e-14
24	109	1.90246e-10
25	109	3.48066e-07
26	109	0.000141755
27	109	0.0128513
28	109	0.25935
29	109	1.16508
30	109	1.16508
31	109	0.25935
32	109	0.0128513
33	109	0.000141755
34	109	3.48066e-07
35	109	1.90246e-10
36	109	2.31472e-14
37	109	6.26923e-19
38	109	3.77971e-24
39	109	5.07265e-30
40	109	1.51545e-36
41	109	1.00893e-43
42	109	0
43	109	0
44	109	0
45	109	0
46	109	0
47	109	0
48	109	0
49	109	0
50	109	0
51	109	0
52	109	0
53	109	0
54	109	0
55	109	0
56	109	0
57	109	0
58	109	0
59	109	0

0	110	0
1	110	0
2	110	0
3	110	0
4	110	0
5	110	0
6	110	0
7	110	0
8	110	0
9	110	0
10	110	0
11	110	0
12	110	0
13	110	0
14	110	0
15	110	0
16	110	0
17	110	0
18	110	3.86758e-43
19	110	4.30342e-36
20	110	1.09752e-29
21	110	6.40258e-24
22	110	8.5435e-19
23	110	2.6077e-14
24	110	1.82061e-10
25	110	2.9075e-07
26	110	0.000106209
27	110	0.00887442
28	110	0.169614
29	110	0.741516
30	110	0.741516
31	110	0.169614
32	110	0.00887442
33	110	0.000106209
34	110	2.9075e-07
35	110	1.82061e-10
36	110	2.6077e-14
37	110	8.5435e-19
38	110	6.40258e-24
39	110	1.09752e-29
40	110	4.30342e-36
41	110	3.86758e-43
42	110	0
43	110	0
44	110	0
45	110	0
46	110	0
47	110	0
48	110	0
49	110	0
50	110	0
51	110	0
52	110	0
53	110	0
54	110	0
55	110	0
56	110	0
57	110	0
58	110	0
59	110	0

0	111	0
1	111	0
2	111	0
3	111	0
4	111	0
5	111	0
6	111	0
7	111	0
8	111	0
9	111	0
10	111	0
11	111	0
12	111	0
13	111	0
14	111	0
15	111	0
16	111	0
17	111	0
18	111	1.27238e-42
19	111	1.06091e-35
20	111	2.07666e-29
21	111	9.54735e-24
22	111	1.03094e-18
23	111	2.61464e-14
24	111	1.55749e-10
25	111	2.17905e-07
26	111	7.16049e-05
27	111	0.00552649
28	111	0.100181
29	111	0.426535
30	111	0.426535
31	111	0.100181
32	111	0.00552649
33	111	7.16049e-05
34	111	2.17905e-07
35	111	1.55749e-10
36	111	2.61464e-14
37	111	1.03094e-18
38	111	9.54735e-24
39	111	2.07666e-29
40	111	1.06091e-35
41	111	1.27238e-42
42	111	0
43	111	0
44	111	0
45	111	0
46	111	0
47	111	0
48	111	0
49	111	0
50	111	0
51	111	0
52	111	0
53	111	0
54	111	0
55	111	0
56	111	0
57	111	0
58	111	0
59	111	0

0	112	0
1	112	0
2	112	0
3	112	0
4	112	0
5	112	0
6	112	0
7	112	0
8	112	0
9	112	0
10	112	0
11	112	0
12	112	0
13	112	0
14	112	0
15	112	0
16	112	0
17	112	0
18	112	3.61395e-42
19	112	2.26893e-35
20	112	3.43287e-29
21	112	1.25174e-23
22	112	1.09998e-18
23	112	2.32954e-14
24	112	1.18897e-10
25	112	1.46248e-07
26	112	4.33537e-05
27	112	0.00309726
28	112	0.0533267
29	112	0.221273
30	112	0.221273
31	112	0.0533267
32	112	0.00309726
33	112	4.33537e-05
34	112	1.46248e-07
35	112	1.18897e-10
36	112	2.32954e-14
37	112	1.09998e-18
38	112	1.25174e-23
39	112	3.43287e-29
40	112	2.26893e-35
41	112	3.61395e-42
42	112	0
43	112	0
44	112	0
45	112	0
46	112	0
47	112	0
48	112	0
49	112	0
50	112	0
51	112	0
52	112	0
53	112	0
54	112	0
55	112	0
56	112	0
57	112	0
58	112	0
59	112	0

0	113	0
1	113	0
2	113	0
3	113	0
4	113	0
5	113	0
6	113	0
7	113	0
8	113	0
9	113	0
10	113	0
11	113	0
12	113	0
13	113	0
14	113	0
15	113	0
16	113	0
17	113	0
18	113	8.83379e-42
19	113	4.20864e-35
20	113	4.95547e-29
21	113	1.4419e-23
22	113	1.03678e-18
23	113	1.84225e-14
24	113	8.08938e-11
25	113	8.77783e-08
26	113	2.35377e-05
27	113	0.00155972
28	113	0.0255409
29	113	0.103355
30	113	0.103355
31	113	0.0255409
32	113	0.00155972
33	113	2.35377e-05
34	113	8.77783e-08
35	113	8.08938e-11
36	113	1.84225e-14
37	113	1.03678e-18
38	113	1.4419e-23
39	113	4.95547e-29
40	113	4.20864e-35
41	113	8.83379e-42
42	113	0
43	113	0
44	113	0
45	113	0
46	113	0
47	113	0
48	113	0
49	113	0
50	113	0
51	113	0
52	113	0
53	113	0
54	113	0
55	113	0
56	113	0
57	113	0
58	113	0
59	113	0

0	114	0
1	114	0
2	114	0
3	114	0
4	114	0
5	114	0
6	114	0
7	114	0
8	114	0
9	114	0
10	114	0
11	114	0
12	114	0
13	114	0
14	114	0
15	114	0
16	114	0
17	114	0
18	114	1.85882e-41
19	114	6.77032e-35
20	114	6.2447e-29
21	114	1.45856e-23
22	114	8.62674e-19
23	114	1.29205e-14
24	114	4.90026e-11
25	114	4.7062e-08
26	114	1.14454e-05
27	114	0.000704859
28	114	0.0109922
29	114	0.0434083
30	114	0.0434083
31	114	0.0109922
32	114	0.000704859
33	114	1.14454e-05
34	114	4.7062e-08
35	114	4.90026e-11
36	114	1.29205e-14
37	114	8.62674e-19
38	114	1.45856e-23
39	114	6.2447e-29
40	114	6.77032e-35
41	114	1.85882e-41
42	114	0
43	114	0
44	114	0
45	114	0
46	114	0
47	114	0
48	114	0
49	114	0
50	114	0
51	114	0
52	114	0
53	114	0
54	114	0
55	114	0
56	114	0
57	114	0
58	114	0
59	114	0

0	115	0
1	115	0
2	115	0
3	115	0
4	115	0
5	115	0
6	115	0
7	115	0
8	115	0
9	115	0
10	115	0
11	115	0
12	115	0
13	115	0
14	115	0
15	115	0
16	115	0
17	115	0
18	115	3.36788e-41
19	115	9.44347e-35
20	115	6.86671e-29
21	115	1.2948e-23
22	115	6.33137e-19
23	115	8.02841e-15
24	115	2.63997e-11
25	115	2.25117e-08
26	115	4.97799e-06
27	115	0.000285456
28	115	0.00424485
29	115	0.0163691
30	115	0.0163691
31	115	0.00424485
32	115	0.000285456
33	115	4.97799e-06
34	115	2.25117e-08
35	115	2.63997e-11
36	115	8.02841e-15
37	115	6.33137e-19
38	115	1.2948e-23
39	115	6.86671e-29
40	115	9.44347e-35
41	115	3.36788e-41
42	115	0
43	115	0
44	115	0
45	115	0
46	115	0
47	115	0
48	115	0
49	115	0
50	115	0
51	115	0
52	115	0
53	115	0
54	115	0
55	115	0
56	115	0
57	115	0
58	115	0
59	115	0

0	116	0
1	116	0
2	116	0
3	116	0
4	116	0
5	116	0
6	116	0
7	116	0
8	116	0
9	116	0
10	116	0
11	116	0
12	116	0
13	116	0
14	116	0
15	116	0
16	116	0
17	116	0
18	116	5.24702e-41
19	116	1.14028e-34
20	116	6.57658e-29
21	116	1.00668e-23
22	116	4.08963e-19
23	116	4.40937e-15
24	116	1.26174e-11
25	116	9.58222e-09
26	116	1.93136e-06
27	116	0.000103314
28	116	0.00146676
29	116	0.00552658
30	116	0.00552658
31	116	0.00146676
32	116	0.000103314
33	116	1.93136e-06
34	116	9.58222e-09
35	116	1.26174e-11
36	116	4.40937e-15
37	116	4.08963e-19
38	116	1.00668e-23
39	116	6.57658e-29
40	116	1.14028e-34
41	116	5.24702e-41
42	116	0
43	116	0
44	116	0
45	116	0
46	116	0
47	116	0
48	116	0
49	116	0
50	116	0
51	116	0
52	116	0
53	116	0
54	116	0
55	116	0
56	116	0
57	116	0
58	116	0
59	116	0

0	117	0
1	117	0
2	117	0
3	117	0
4	117	0
5	117	0
6	117	0
7	117	0
8	117	0
9	117	0
10	117	0
11	117	0
12	117	0
13	117	0
14	117	0
15	117	0
16	117	0
17	117	0
18	117	6.96557e-41
19	117	1.18081e-34
20	117	5.43388e-29
21	117	6.78813e-24
22	117	2.30195e-19
23	117	2.11909e-15
24	117	5.29551e-12
25	117	3.59232e-09
26	117	6.61527e-07
27	117	3.30695e-05
28	117	0.00044876
29	117	0.00165313
30	117	0.00165313
31	117	0.00044876
32	117	3.30695e-05
33	117	6.61527e-07
34	117	3.59232e-09
35	117	5.29551e-12
36	117	2.11909e-15
37	117	2.30195e-19
38	117	6.78813e-24
39	117	5.43388e-29
40	117	1.18081e-34
41	117	6.96557e-41
42	117	0
43	117	0
44	117	0
45	117	0
46	117	0
47	117	0
48	117	0
49	117	0
50	117	0
51	117	0
52	117	0
53	117	0
54	117	0
55	117	0
56	117	0
57	117	0
58	117	0
59	117	0

0	118	0
1	118	0
2	118	0
3	118	0
4	118	0
5	118	0
6	118	0
7	118	0
8	118	0
9	118	0
10	118	0
11	118	0
12	118	0
13	118	0
14	118	0
15	118	0
16	118	0
17	118	0
18	118	7.40937e-41
19	118	9.85987e-35
20	118	3.64106e-29
21	118	3.73121e-24
22	118	1.06105e-19
23	118	8.37309e-16
24	118	1.83358e-12
25	118	1.11424e-09
26	118	1.87897e-07
27	118	8.79282e-06
28	118	0.000114182
29	118	0.000411467
30	118	0.000411467
31	118	0.000114182
32	118	8.79282e-06
33	118	1.87897e-07
34	118	1.11424e-09
35	118	1.83358e-12
36	118	8.37309e-16
37	118	1.06105e-19
38	118	3.73121e-24
39	118	3.64106e-29
40	118	9.85987e-35
41	118	7.40937e-41
42	118	0
43	118	0
44	118	0
45	118	0
46	118	0
47	118	0
48	118	0
49	118	0
50	118	0
51	118	0
52	118	0
53	118	0
54	118	0
55	118	0
56	118	0
57	118	0
58	118	0
59	118	0

0	119	0
1	119	0
2	119	0
3	119	0
4	119	0
5	119	0
6	119	0
7	119	0
8	119	0
9	119	0
10	119	0
11	119	0
12	119	0
13	119	0
14	119	0
15	119	0
16	119	0
17	119	0
18	119	0
19	119	0
20	119	0
21	119	0
22	119	0
23	119	0
24	119	0
25	119	0
26	119	0
27	119	0
28	119	0
29	119	0
30	119	0
31	119	0
32	119	0
33	119	0
34	119	0
35	119	0
36	119	0
37	119	0
38	119	0
39	119	0
40	119	0
41	119	0
42	119	0
43	119	0
44	119	0
45	119	0
46	119	0
47	119	0
48	119	0
49	119	0
50	119	0
51	119	0
52	119	0
53	119	0
54	119	0
55	119	0
56	119	0
57	119	0
58	119	0
59	119	0

0	120	0
1	120	0
2	120	0
3	120	0
4	120	0
5	120	0
6	120	0
7	120	0
8	120	0
9	120	0
10	120	0
11	120	0
12	120	0
13	120	0
14	120	0
15	120	0
16	120	0
17	120	0
18	120	0
19	120	0
20	120	0
21	120	0
22	120	0
23	120	0
24	120	0
25	120	0
26	120	0
27	120	0
28	120	0
29	120	0
30	120	0
31	120	0
32	120	0
33	120	0
34	120	0
35	120	0
36	120	0
37	120	0
38	120	0
39	120	0
40	120	0
41	120	0
42	120	0
43	120	0
44	120	0
45	120	0
46	120	0
47	120	0
48	120	0
49	120	0
50	120	0
51	120	0
52	120	0
53	120	0
54	120	0
55	120	0
56	120	0
57	120	0
58	120	0
59	120	0

0	121	0
1	121	0
2	121	0
3	121	0
4	121	0
5	121	0
6	121	0
7	121	0
8	121	0
9	121	0
10	121	0
11	121	0
12	121	0
13	121	0
14	121	0
15	121	0
16	121	0
17	121	0
18	121	0
19	121	0
20	121	0
21	121	0
22	121	0
23	121	0
24	121	0
25	121	0
26	121	0
27	121	0
28	121	0
29	121	0
30	121	0
31	121	0
32	121	0
33	121	0
34	121	0
35	121	0
36	121	0
37	121	0
38	121	0
39	121	0
40	121	0
41	121	0
42	121	0
43	121	0
44	121	0
45	121	0
46	121	0
47	121	0
48	121	0
49	121	0
50	121	0
51	121	0
52	121	0
53	121	0
54	121	0
55	121	0
56	121	0
57	121	0
58	121	0
59	121	0

0	122	0
1	122	0
2	122	0
3	122	0
4	122	0
5	122	0
6	122	0
7	122	0
8	122	0
9	122	0
10	122	0
11	122	0
12	122	0
13	122	0
14	122	0
15	122	0
16	122	0
17	122	0
18	122	0
19	122	0
20	122	0
21	122	0
22	122	0
23	122	0
24	122	0
25	122	0
26	122	0
27	122	0
28	122	0
29	122	0
30	122	0
31	122	0
32	122	0
33	122	0
34	122	0
35	122	0
36	122	0
37	122	0
38	122	0
39	122	0
40	122	0
41	122	0
42	122	0
43	122	0
44	122	0
45	122	0
46	122	0
47	122	0
48	122	0
49	122	0
50	122	0
51	122	0
52	122	0
53	122	0
54	122	0
55	122	0
56	122	0
57	122	0
58	122	0
59	122	0

0	123	0
1	123	0
2	123	0
3	123	0
4	123	0
5	123	0
6	123	0
7	123	0
8	123	0
9	123	0
10	123	0
11	123	0
12	123	0
13	123	0
14	123	0
15	123	0
16	123	0
17	123	0
18	123	0
19	123	0
20	123	0
21	123	0
22	123	0
23	123	0
24	123	0
25	123	0
26	123	0
27	123	0
28	123	0
29	123	0
30	123	0
31	123	0
32	123	0
33	123	0
34	123	0
35	123	0
36	123	0
37	123	0
38	123	0
39	123	0
40	123	0
41	123	0
42	123	0
43	123	0
44	123	0
45	123	0
46	123	0
47	123	0
48	123	0
49	123	0
50	123	0
51	123	0
52	123	0
53	123	0
54	123	0
55	123	0
56	123	0
57	123	0
58	123	0
59	123	0

0	124	0
1	124	0
2	124	0
3	124	0
4	124	0
5	124	0
6	124	0
7	124	0
8	124	0
9	124	0
10	124	0
11	124	0
12	124	0
13	124	0
14	124	0
15	124	0
16	124	0
17	124	0
18	124	0
19	124	0
20	124	0
21	124	0
22	124	0
23	124	0
24	124	0
25	124	0
26	124	0
27	124	0
28	124	0
29	124	0
30	124	0
31	124	0
32	124	0
33	124	0
34	124	0
35	124	0
36	124	0
37	124	0
38	124	0
39	124	0
40	124	0
41	124	0
42	124	0
43	124	0
44	124	0
45	124	0
46	124	0
47	124	0
48	124	0
49	124	0
50	124	0
51	124	0
52	124	0
53	124	0
54	124	0
55	124	0
56	124	0
57	124	0
58	124	0
59	124	0

0	125	0
1	125	0
2	125	0
3	125	0
4	125	0
5	125	0
6	125	0
7	125	0
8	125	0
9	125	0
10	125	0
11	125	0
12	125	0
13	125	0
14	125	0
15	125	0
16	125	0
17	125	0
18	125	0
19	125	0
20	125	0
21	125	0
22	125	0
23	125	0
24	125	0
25	125	0
26	125	0
27	125	0
28	125	0
29	125	0
30	125	0
31	125	0
32	125	0
33	125	0
34	125	0
35	125	0
36	125	0
37	125	0
38	125	0
39	125	0
40	125	0
41	125	0
42	125	0
43	125	0
44	125	0
45	125	0
46	125	0
47	125	0
48	125	0
49	125	0
50	125	0
51	125	0
52	125	0
53	125	0
54	125	0
55	125	0
56	125	0
57	125	0
58	125	0
59	125	0

0	126	0
1	126	0
2	126	0
3	126	0
4	126	0
5	126	0
6	126	0
7	126	0
8	126	0
9	126	0
10	126	0
11	126	0
12	126	0
13	126	0
14	126	0
15	126	0
16	126	0
17	126	0
18	126	0
19	126	0
20	126	0
21	126	0
22	126	0
23	126	0
24	126	0
25	126	0
26	126	0
27	126	0
28	126	0
29	126	0
30	126	0
31	126	0
32	126	0
33	126	0
34	126	0
35	126	0
36	126	0
37	126	0
38	126	0
39	126	0
40	126	0
41	126	0
42	126	0
43	126	0
44	126	0
45	126	0
46	126	0
47	126	0
48	126	0
49	126	0
50	126	0
51	126	0
52	126	0
53	126	0
54	126	0
55	126	0
56	126	0
57	126	0
58	126	0
59	126	0

0	127	0
1	127	0
2	127	0
3	127	0
4	127	0
5	127	0
6	127	0
7	127	0
8	127	0
9	127	0
10	127	0
11	127	0
12	127	0
13	127	0
14	127	0
15	127	0
16	127	0
17	127	0
18	127	0
19	127	0
20	127	0
21	127	0
22	127	0
23	127	0
24	127	0
25	127	0
26	127	0
27	127	0
28	127	0
29	127	0
30	127	0
31	127	0
32	127	0
33	127	0
34	127	0
35	127	0
36	127	0
37	127	0
38	127	0
39	127	0
40	127	0
41	127	0
42	127	0
43	127	0
44	127	0
45	127	0
46	127	0
47	127	0
48	127	0
49	127	0
50	127	0
51	127	0
52	127	0
53	127	0
54	127	0
55	127	0
56	127	0
57	127	0
58	127	0
59	127	0

0	128	0
1	128	0
2	128	0
3	128	0
4	128	0
5	128	0
6	128	0
7	128	0
8	128	0
9	128	0
10	128	0
11	128	0
12	128	0
13	128	0
14	128	0
15	128	0
16	128	0
17	128	0
18	128	0
19	128	0
20	128	0
21	128	0
22	128	0
23	128	0
24	128	0
25	128	0
26	128	0
27	128	0
28	128	0
29	128	0
30	128	0
31	128	0
32	128	0
33	128	0
34	128	0
35	128	0
36	128	0
37	128	0
38	128	0
39	128	0
40	128	0
41	128	0
42	128	0
43	128	0
44	128	0
45	128	0
46	128	0
47	128	0
48	128	0
49	128	0
50	128	0
51	128	0
52	128	0
53	128	0
54	128	0
55	128	0
56	128	0
57	128	0
58	128	0
59	128	0

0	129	0
1	129	0
2	129	0
3	129	0
4	129	0
5	129	0
6	129	0
7	129	0
8	129	0
9	129	0
10	129	0
11	129	0
12	129	0
13	129	0
14	129	0
15	129	0
16	129	0
17	129	0
18	129	0
19	129	0
20	129	0
21	129	0
22	129	0
23	129	0
24	129	0
25	129	0
26	129	0
27	129	0
28	129	0
29	129	0
30	129	0
31	129	0
32	129	0
33	129	0
34	129	0
35	129	0
36	129	0
37	129	0
38	129	0
39	129	0
40	129	0
41	129	0
42	129	0
43	129	0
44	129	0
45	129	0
46	129	0
47	129	0
48	129	0
49	129	0
50	129	0
51	129	0
52	129	0
53	129	0
54	129	0
55	129	0
56	129	0
57	129	0
58	129	0
59	129	0

0	130	0
1	130	0
2	130	0
3	130	0
4	130	0
5	130	0
6	130	0
7	130	0
8	130	0
9	130	0
10	130	0
11	130	0
12	130	0
13	130	0
14	130	0
15	130	0
16	130	0
17	130	0
18	130	0
19	130	0
20	130	0
21	130	0
22	130	0
23	130	0
24	130	0
25	130	0
26	130	0
27	130	0
28	130	0
29	130	0
30	130	0
31	130	0
32	130	0
33	130	0
34	130	0
35	130	0
36	130	0
37	130	0
38	130	0
39	130	0
40	130	0
41	130	0
42	130	0
43	130	0
44	130	0
45	130	0
46	130	0
47	130	0
48	130	0
49	130	0
50	130	0
51	130	0
52	130	0
53	130	0
54	130	0
55	130	0
56	130	0
57	130	0
58	130	0
59	130	0

0	131	0
1	131	0
2	131	0
3	131	0
4	131	0
5	131	0
6	131	0
7	131	0
8	131	0
9	131	0
10	131	0
11	131	0
12	131	0
13	131	0
14	131	0
15	131	0
16	131	0
17	131	0
18	131	0
19	131	0
20	131	0
21	131	0
22	131	0
23	131	0
24	131	0
25	131	0
26	131	0
27	131	0
28	131	0
29	131	0
30	131	0
31	131	0
32	131	0
33	131	0
34	131	0
35	131	0
36	131	0
37	131	0
38	131	0
39	131	0
40	131	0
41	131	0
42	131	0
43	131	0
44	131	0
45	131	0
46	131	0
47	131	0
48	131	0
49	131	0
50	131	0
51	131	0
52	131	0
53	131	0
54	131	0
55	131	0
56	131	0
57	131	0
58	131	0
59	131	0

0	132	0
1	132	0
2	132	0
3	132	0
4	132	0
5	132	0
6	132	0
7	132	0
8	132	0
9	132	0
10	132	0
11	132	0
12	132	0
13	132	0
14	132	0
15	132	0
16	132	0
17	132	0
18	132	0
19	132	0
20	132	0
21	132	0
22	132	0
23	132	0
24	132	0
25	132	0
26	132	0
27	132	0
28	132	0
29	132	0
30	132	0
31	132	0
32	132	0
33	132	0
34	132	0
35	132	0
36	132	0
37	132	0
38	132	0
39	132	0
40	132	0
41	132	0
42	132	0
43	132	0
44	132	0
45	132	0
46	132	0
47	132	0
48	132	0
49	132	0
50	132	0
51	132	0
52	132	0
53	132	0
54	132	0
55	132	0
56	132	0
57	132	0
58	132	0
59	132	0

0	133	0
1	133	0
2	133	0
3	133	0
4	133	0
5	133	0
6	133	0
7	133	0
8	133	0
9	133	0
10	133	0
11	133	0
12	133	0
13	133	0
14	133	0
15	133	0
16	133	0
17	133	0
18	133	0
19	133	0
20	133	0
21	133	0
22	133	0
23	133	0
24	133	0
25	133	0
26	133	0
27	133	0
28	133	0
29	133	0
30	133	0
31	133	0
32	133	0
33	133	0
34	133	0
35	133	0
36	133	0
37	133	0
38	133	0
39	133	0
40	133	0
41	133	0
42	133	0
43	133	0
44	133	0
45	133	0
46	133	0
47	133	0
48	133	0
49	133	0
50	133	0
51	133	0
52	133	0
53	133	0
54	133	0
55	133	0
56	133	0
57	133	0
58	133	0
59	133	0

0	134	0
1	134	0
2	134	0
3	134	0
4	134	0
5	134	0
6	134	0
7	134	0
8	134	0
9	134	0
10	134	0
11	134	0
12	134	0
13	134	0
14	134	0
15	134	0
16	134	0
17	134	0
18	134	0
19	134	0
20	134	0
21	134	0
22	134	0
23	134	0
24	134	0
25	134	0
26	134	0
27	134	0
28	134	0
29	134	0
30	134	0
31	134	0
32	134	0
33	134	0
34	134	0
35	134	0
36	134	0
37	134	0
38	134	0
39	134	0
40	134	0
41	134	0
42	134	0
43	134	0
44	134	0
45	134	0
46	134	0
47	134	0
48	134	0
49	134	0
50	134	0
51	134	0
52	134	0
53	134	0
54	134	0
55	134	0
56	134	0
57	134	0
58	134	0
59	134	0

0	135	0
1	135	0
2	135	0
3	135	0
4	135	0
5	135	0
6	135	0
7	135	0
8	135	0
9	135	0
10	135	0
11	135	0
12	135	0
13	135	0
14	135	0
15	135	0
16	135	0
17	135	0
18	135	0
19	135	0
20	135	0
21	135	0
22	135	0
23	135	0
24	135	0
25	135	0
26	135	0
27	135	0
28	135	0
29	135	0
30	135	0
31	135	0
32	135	0
33	135	0
34	135	0
35	135	0
36	135	0
37	135	0
38	135	0
39	135	0
40	135	0
41	135	0
42	135	0
43	135	0
44	135	0
45	135	0
46	135	0
47	135	0
48	135	0
49	135	0
50	135	0
51	135	0
52	135	0
53	135	0
54	135	0
55	135	0
56	135	0
57	135	0
58	135	0
59	135	0

0	136	0
1	136	0
2	136	0
3	136	0
4	136	0
5	136	0
6	136	0
7	136	0
8	136	0
9	136	0
10	136	0
11	136	0
12	136	0
13	136	0
14	136	0
15	136	0
16	136	0
17	136	0
18	136	0
19	136	0
20	136	0
21	136	0
22	136	0
23	136	0
24	136	0
25	136	0
26	136	0
27	136	0
28	136	0
29	136	0
30	136	0
31	136	0
32	136	0
33	136	0
34	136	0
35	136	0
36	136	0
37	136	0
38	136	0
39	136	0
40	136	0
41	136	0
42	136	0
43	136	0
44	136	0
45	136	0
46	136	0
47	136	0
48	136	0
49	136	0
50	136	0
51	136	0
52	136	0
53	136	0
54	136	0
55	136	0
56	136	0
57	136	0
58	136	0
59	136	0

0	137	0
1	137	0
2	137	0
3	137	0
4	137	0
5	137	0
6	137	0
7	137	0
8	137	0
9	137	0
10	137	0
11	137	0
12	137	0
13	137	0
14	137	0
15	137	0
16	137	0
17	137	0
18	137	0
19	137	0
20	137	0
21	137	0
22	137	0
23	137	0
24	137	0
25	137	0
26	137	0
27	137	0
28	137	0
29	137	0
30	137	0
31	137	0
32	137	0
33	137	0
34	137	0
35	137	0
36	137	0
37	137	0
38	137	0
39	137	0
40	137	0
41	137	0
42	137	0
43	137	0
44	137	0
45	137	0
46	137	0
47	137	0
48	137	0
49	137	0
50	137	0
51	137	0
52	137	0
53	137	0
54	137	0
55	137	0
56	137	0
57	137	0
58	137	0
59	137	0

0	138	0
1	138	0
2	138	0
3	138	0
4	138	0
5	138	0
6	138	0
7	138	0
8	138	0
9	138	0
10	138	0
11	138	0
12	138	0
13	138	0
14	138	0
15	138	0
16	138	0
17	138	0
18	138	0
19	138	0
20	138	0
21	138	0
22	138	0
23	138	0
24	138	0
25	138	0
26	138	0
27	138	0
28	138	0
29	138	0
30	138	0
31	138	0
32	138	0
33	138	0
34	138	0
35	138	0
36	138	0
37	138	0
38	138	0
39	138	0
40	138	0
41	138	0
42	138	0
43	138	0
44	138	0
45	138	0
46	138	0
47	138	0
48	138	0
49	138	0
50	138	0
51	138	0
52	138	0
53	138	0
54	138	0
55	138	0
56	138	0
57	138	0
58	138	0
59	138	0

0	139	0
1	139	0
2	139	0
3	139	0
4	139	0
5	139	0
6	139	0
7	139	0
8	139	0
9	139	0
10	139	0
11	139	0
12	139	0
13	139	0
14	139	0
15	139	0
16	139	0
17	139	0
18	139	0
19	139	0
20	139	0
21	139	0
22	139	0
23	139	0
24	139	0
25	139	0
26	139	0
27	139	0
28	139	0
29	139	0
30	139	0
31	139	0
32	139	0
33	139	0
34	139	0
35	139	0
36	139	0
37	139	0
38	139	0
39	139	0
40	139	0
41	139	0
42	139	0
43	139	0
44	139	0
45	139	0
46	139	0
47	139	0
48	139	0
49	139	0
50	139	0
51	139	0
52	139	0
53	139	0
54	139	0
55	139	0
56	139	0
57	139	0
58	139	0
59	139	0

0	140	0
1	140	0
2	140	0
3	140	0
4	140	0
5	140	0
6	140	0
7	140	0
8	140	0
9	140	0
10	140	0
11	140	0
12	140	0
13	140	0
14	140	0
15	140	0
16	140	0
17	140	0
18	140	0
19	140	0
20	140	0
21	140	0
22	140	0
23	140	0
24	140	0
25	140	0
26	140	0
27	140	0
28	140	0
29	140	0
30	140	0
31	140	0
32	140	0
33	140	0
34	140	0
35	140	0
36	140	0
37	140	0
38	140	0
39	140	0
40	140	0
41	140	0
42	140	0
43	140	0
44	140	0
45	140	0
46	140	0
47	140	0
48	140	0
49	140	0
50	140	0
51	140	0
52	140	0
53	140	0
54	140	0
55	140	0
56	140	0
57	140	0
58	140	0
59	140	0

0	141	0
1	141	0
2	141	0
3	141	0
4	141	0
5	141	0
6	141	0
7	141	0
8	141	0
9	141	0
10	141	0
11	141	0
12	141	0
13	141	0
14	141	0
15	141	0
16	141	0
17	141	0
18	141	0
19	141	0
20	141	0
21	141	0
22	141	0
23	141	0
24	141	0
25	141	0
26	141	0
27	141	0
28	141	0
29	141	0
30	141	0
31	141	0
32	141	0
33	141	0
34	141	0
35	141	0
36	141	0
37	141	0
38	141	0
39	141	0
40	141	0
41	141	0
42	141	0
43	141	0
44	141	0
45	141	0
46	141	0
47	141	0
48	141	0
49	141	0
50	141	0
51	141	0
52	141	0
53	141	0
54	141	0
55	141	0
56	141	0
57	141	0
58	141	0
59	141	0

0	142	0
1	142	0
2	142	0
3	142	0
4	142	0
5	142	0
6	142	0
7	142	0
8	142	0
9	142	0
10	142	0
11	142	0
12	142	0
13	142	0
14	142	0
15	142	0
16	142	0
17	142	0
18	142	0
19	142	0
20	142	0
21	142	0
22	142	0
23	142	0
24	142	0
25	142	0
26	142	0
27	142	0
28	142	0
29	142	0
30	142	0
31	142	0
32	142	0
33	142	0
34	142	0
35	142	0
36	142	0
37	142	0
38	142	0
39	142	0
40	142	0
41	142	0
42	142	0
43	142	0
44	142	0
45	142	0
46	142	0
47	142	0
48	142	0
49	142	0
50	142	0
51	142	0
52	142	0
53	142	0
54	142	0
55	142	0
56	142	0
57	142	0
58	142	0
59	142	0

0	143	0
1	143	0
2	143	0
3	143	0
4	143	0
5	143	0
6	143	0
7	143	0
8	143	0
9	143	0
10	143	0
11	143	0
12	143	0
13	143	0
14	143	0
15	143	0
16	143	0
17	143	0
18	143	0
19	143	0
20	143	0
21	143	0
22	143	0
23	143	0
24	143	0
25	143	0
26	143	0
27	143	0
28	143	0
29	143	0
30	143	0
31	143	0
32	143	0
33	143	0
34	143	0
35	143	0
36	143	0
37	143	0
38	143	0
39	143	0
40	143	0
41	143	0
42	143	0
43	143	0
44	143	0
45	143	0
46	143	0
47	143	0
48	143	0
49	143	0
50	143	0
51	143	0
52	143	0
53	143	0
54	143	0
55	143	0
56	143	0
57	143	0
58	143	0
59	143	0

0	144	0
1	144	0
2	144	0
3	144	0
4	144	0
5	144	0
6	144	0
7	144	0
8	144	0
9	144	0
10	144	0
11	144	0
12	144	0
13	144	0
14	144	0
15	144	0
16	144	0
17	144	0
18	144	0
19	144	0
20	144	0
21	144	0
22	144	0
23	144	0
24	144	0
25	144	0
26	144	0
27	144	0
28	144	0
29	144	0
30	144	0
31	144	0
32	144	0
33	144	0
34	144	0
35	144	0
36	144	0
37	144	0
38	144	0
39	144	0
40	144	0
41	144	0
42	144	0
43	144	0
44	144	0
45	144	0
46	144	0
47	144	0
48	144	0
49	144	0
50	144	0
51	144	0
52	144	0
53	144	0
54	144	0
55	144	0
56	144	0
57	144	0
58	144	0
59	144	0

0	145	0
1	145	0
2	145	0
3	145	0
4	145	0
5	145	0
6	145	0
7	145	0
8	145	0
9	145	0
10	145	0
11	145	0
12	145	0
13	145	0
14	145	0
15	145	0
16	145	0
17	145	0
18	145	0
19	145	0
20	145	0
21	145	0
22	145	0
23	145	0
24	145	0
25	145	0
26	145	0
27	145	0
28	145	0
29	145	0
30	145	0
31	145	0
32	145	0
33	145	0
34	145	0
35	145	0
36	145	0
37	145	0
38	145	0
39	145	0
40	145	0
41	145	0
42	145	0
43	145	0
44	145	0
45	145	0
46	145	0
47	145	0
48	145	0
49	145	0
50	145	0
51	145	0
52	145	0
53	145	0
54	145	0
55	145	0
56	145	0
57	145	0
58	145	0
59	145	0

0	146	0
1	146	0
2	146	0
3	146	0
4	146	0
5	146	0
6	146	0
7	146	0
8	146	0
9	146	0
10	146	0
11	146	0
12	146	0
13	146	0
14	146	0
15	146	0
16	146	0
17	146	0
18	146	0
19	146	0
20	146	0
21	146	0
22	146	0
23	146	0
24	146	0
25	146	0
26	146	0
27	146	0
28	146	0
29	146	0
30	146	0
31	146	0
32	146	0
33	146	0
34	146	0
35	146	0
36	146	0
37	146	0
38	146	0
39	146	0
40	146	0
41	146	0
42	146	0
43	146	0
44	146	0
45	146	0
46	146	0
47	146	0
48	146	0
49	146	0
50	146	0
51	146	0
52	146	0
53	146	0
54	146	0
55	146	0
56	146	0
57	146	0
58	146	0
59	146	0

0	147	0
1	147	0
2	147	0
3	147	0
4	147	0
5	147	0
6	147	0
7	147	0
8	147	0
9	147	0
10	147	0
11	147	0
12	147	0
13	147	0
14	147	0
15	147	0
16	147	0
17	147	0
18	147	0
19	147	0
20	147	0
21	147	0
22	147	0
23	147	0
24	147	0
25	147	0
26	147	0
27	147	0
28	147	0
29	147	0
30	147	0
31	147	0
32	147	0
33	147	0
34	147	0
35	147	0
36	147	0
37	147	0
38	147	0
39	147	0
40	147	0
41	147	0
42	147	0
43	147	0
44	147	0
45	147	0
46	147	0
47	147	0
48	147	0
49	147	0
50	147	0
51	147	0
52	147	0
53	147	0
54	147	0
55	147	0
56	147	0
57	147	0
58	147	0
59	147	0

0	148	0
1	148	0
2	148	0
3	148	0
4	148	0
5	148	0
6	148	0
7	148	0
8	148	0
9	148	0
10	148	0
11	148	0
12	148	0
13	148	0
14	148	0
15	148	0
16	148	0
17	148	0
18	148	0
19	148	0
20	148	0
21	148	0
22	148	0
23	148	0
24	148	0
25	148	0
26	148	0
27	148	0
28	148	0
29	148	0
30	148	0
31	148	0
32	148	0
33	148	0
34	148	0
35	148	0
36	148	0
37	148	0
38	148	0
39	148	0
40	148	0
41	148	0
42	148	0
43	148	0
44	148	0
45	148	0
46	148	0
47	148	0
48	148	0
49	148	0
50	148	0
51	148	0
52	148	0
53	148	0
54	148	0
55	148	0
56	148	0
57	148	0
58	148	0
59	148	0

0	149	0
1	149	0
2	149	0
3	149	0
4	149	0
5	149	0
6	149	0
7	149	0
8	149	0
9	149	0
10	149	0
11	149	0
12	149	0
13	149	0
14	149	0
15	149	0
16	149	0
17	149	0
18	149	0
19	149	0
20	149	0
21	149	0
22	149	0
23	149	0
24	149	0
25	149	0
26	149	0
27	149	0
28	149	0
29	149	0
30	149	0
31	149	0
32	149	0
33	149	0
34	149	0
35	149	0
36	149	0
37	149	0
38	149	0
39	149	0
40	149	0
41	149	0
42	149	0
43	149	0
44	149	0
45	149	0
46	149	0
47	149	0
48	149	0
49	149	0
50	149	0
51	149	0
52	149	0
53	149	0
54	149	0
55	149	0
56	149	0
57	149	0
58	149	0
59	149	0

