# 100 MeV Proton Pencil Beam 2D Dose Distribution
# x(mm) z(mm) dose(Gy)
0	0	0
1	0	0
2	0	0
3	0	0
4	0	0
5	0	0
6	0	0
7	0	0
8	0	0
9	0	0
10	0	0
11	0	0
12	0	0
13	0	0
14	0	0
15	0	0
16	0	0
17	0	0
18	0	0
19	0	0
20	0	0
21	0	0
22	0	0
23	0	0
24	0	0
25	0	0
26	0	0
27	0	0
28	0	0
29	0	0
30	0	0
31	0	0
32	0	0
33	0	0
34	0	0
35	0	0
36	0	0
37	0	0
38	0	0
39	0	0
40	0	0
41	0	0
42	0	0
43	0	0
44	0	0
45	0	0
46	0	0
47	0	0
48	0	0
49	0	0

0	1	2.36103e-25
1	1	1.09848e-23
2	1	4.35509e-22
3	1	1.47134e-20
4	1	4.23588e-19
5	1	1.03917e-17
6	1	2.17241e-16
7	1	3.86998e-15
8	1	5.87475e-14
9	1	7.59948e-13
10	1	8.37704e-12
11	1	7.86883e-11
12	1	6.29858e-10
13	1	4.29624e-09
14	1	2.49716e-08
15	1	1.23685e-07
16	1	5.22037e-07
17	1	1.87758e-06
18	1	5.75451e-06
19	1	1.5029e-05
20	1	3.34477e-05
21	1	6.3433e-05
22	1	0.000102512
23	1	0.000141173
24	1	0.000165668
25	1	0.000165668
26	1	0.000141173
27	1	0.000102512
28	1	6.3433e-05
29	1	3.34477e-05
30	1	1.5029e-05
31	1	5.75451e-06
32	1	1.87758e-06
33	1	5.22037e-07
34	1	1.23685e-07
35	1	2.49716e-08
36	1	4.29624e-09
37	1	6.29858e-10
38	1	7.86883e-11
39	1	8.37704e-12
40	1	7.59948e-13
41	1	5.87475e-14
42	1	3.86998e-15
43	1	2.17241e-16
44	1	1.03917e-17
45	1	4.23588e-19
46	1	1.47134e-20
47	1	4.35509e-22
48	1	1.09848e-23
49	1	2.36103e-25

0	2	9.44414e-25
1	2	4.39393e-23
2	2	1.74204e-21
3	2	5.88537e-20
4	2	1.69435e-18
5	2	4.15667e-17
6	2	8.68963e-16
7	2	1.54799e-14
8	2	2.3499e-13
9	2	3.03979e-12
10	2	3.35082e-11
11	2	3.14753e-10
12	2	2.51943e-09
13	2	1.71849e-08
14	2	9.98864e-08
15	2	4.94741e-07
16	2	2.08815e-06
17	2	7.51032e-06
18	2	2.3018e-05
19	2	6.01161e-05
20	2	0.000133791
21	2	0.000253732
22	2	0.00041005
23	2	0.000564691
24	2	0.000662671
25	2	0.000662671
26	2	0.000564691
27	2	0.00041005
28	2	0.000253732
29	2	0.000133791
30	2	6.01161e-05
31	2	2.3018e-05
32	2	7.51032e-06
33	2	2.08815e-06
34	2	4.94741e-07
35	2	9.98864e-08
36	2	1.71849e-08
37	2	2.51943e-09
38	2	3.14753e-10
39	2	3.35082e-11
40	2	3.03979e-12
41	2	2.3499e-13
42	2	1.54799e-14
43	2	8.68963e-16
44	2	4.15667e-17
45	2	1.69435e-18
46	2	5.88537e-20
47	2	1.74204e-21
48	2	4.39393e-23
49	2	9.44414e-25

0	3	2.12493e-24
1	3	9.88635e-23
2	3	3.91958e-21
3	3	1.32421e-19
4	3	3.81229e-18
5	3	9.35251e-17
6	3	1.95517e-15
7	3	3.48298e-14
8	3	5.28728e-13
9	3	6.83953e-12
10	3	7.53934e-11
11	3	7.08195e-10
12	3	5.66872e-09
13	3	3.86661e-08
14	3	2.24744e-07
15	3	1.11317e-06
16	3	4.69834e-06
17	3	1.68982e-05
18	3	5.17906e-05
19	3	0.000135261
20	3	0.00030103
21	3	0.000570897
22	3	0.000922612
23	3	0.00127055
24	3	0.00149101
25	3	0.00149101
26	3	0.00127055
27	3	0.000922612
28	3	0.000570897
29	3	0.00030103
30	3	0.000135261
31	3	5.17906e-05
32	3	1.68982e-05
33	3	4.69834e-06
34	3	1.11317e-06
35	3	2.24744e-07
36	3	3.86661e-08
37	3	5.66872e-09
38	3	7.08195e-10
39	3	7.53934e-11
40	3	6.83953e-12
41	3	5.28728e-13
42	3	3.48298e-14
43	3	1.95517e-15
44	3	9.35251e-17
45	3	3.81229e-18
46	3	1.32421e-19
47	3	3.91958e-21
48	3	9.88635e-23
49	3	2.12493e-24

0	4	3.77766e-24
1	4	1.75757e-22
2	4	6.96814e-21
3	4	2.35415e-19
4	4	6.77741e-18
5	4	1.66267e-16
6	4	3.47585e-15
7	4	6.19197e-14
8	4	9.3996e-13
9	4	1.21592e-11
10	4	1.34033e-10
11	4	1.25901e-09
12	4	1.00777e-08
13	4	6.87398e-08
14	4	3.99546e-07
15	4	1.97896e-06
16	4	8.35259e-06
17	4	3.00413e-05
18	4	9.20721e-05
19	4	0.000240464
20	4	0.000535164
21	4	0.00101493
22	4	0.0016402
23	4	0.00225876
24	4	0.00265068
25	4	0.00265068
26	4	0.00225876
27	4	0.0016402
28	4	0.00101493
29	4	0.000535164
30	4	0.000240464
31	4	9.20721e-05
32	4	3.00413e-05
33	4	8.35259e-06
34	4	1.97896e-06
35	4	3.99546e-07
36	4	6.87398e-08
37	4	1.00777e-08
38	4	1.25901e-09
39	4	1.34033e-10
40	4	1.21592e-11
41	4	9.3996e-13
42	4	6.19197e-14
43	4	3.47585e-15
44	4	1.66267e-16
45	4	6.77741e-18
46	4	2.35415e-19
47	4	6.96814e-21
48	4	1.75757e-22
49	4	3.77766e-24

0	5	5.90259e-24
1	5	2.74621e-22
2	5	1.08877e-20
3	5	3.67836e-19
4	5	1.05897e-17
5	5	2.59792e-16
6	5	5.43102e-15
7	5	9.67495e-14
8	5	1.46869e-12
9	5	1.89987e-11
10	5	2.09426e-10
11	5	1.96721e-09
12	5	1.57464e-08
13	5	1.07406e-07
14	5	6.2429e-07
15	5	3.09213e-06
16	5	1.30509e-05
17	5	4.69395e-05
18	5	0.000143863
19	5	0.000375726
20	5	0.000836193
21	5	0.00158582
22	5	0.00256281
23	5	0.00352932
24	5	0.00414169
25	5	0.00414169
26	5	0.00352932
27	5	0.00256281
28	5	0.00158582
29	5	0.000836193
30	5	0.000375726
31	5	0.000143863
32	5	4.69395e-05
33	5	1.30509e-05
34	5	3.09213e-06
35	5	6.2429e-07
36	5	1.07406e-07
37	5	1.57464e-08
38	5	1.96721e-09
39	5	2.09426e-10
40	5	1.89987e-11
41	5	1.46869e-12
42	5	9.67495e-14
43	5	5.43102e-15
44	5	2.59792e-16
45	5	1.05897e-17
46	5	3.67836e-19
47	5	1.08877e-20
48	5	2.74621e-22
49	5	5.90259e-24

0	6	8.49973e-24
1	6	3.95454e-22
2	6	1.56783e-20
3	6	5.29683e-19
4	6	1.52492e-17
5	6	3.741e-16
6	6	7.82066e-15
7	6	1.39319e-13
8	6	2.11491e-12
9	6	2.73581e-11
10	6	3.01573e-10
11	6	2.83278e-09
12	6	2.26749e-08
13	6	1.54664e-07
14	6	8.98978e-07
15	6	4.45267e-06
16	6	1.87933e-05
17	6	6.75929e-05
18	6	0.000207162
19	6	0.000541045
20	6	0.00120412
21	6	0.00228359
22	6	0.00369045
23	6	0.00508222
24	6	0.00596404
25	6	0.00596404
26	6	0.00508222
27	6	0.00369045
28	6	0.00228359
29	6	0.00120412
30	6	0.000541045
31	6	0.000207162
32	6	6.75929e-05
33	6	1.87933e-05
34	6	4.45267e-06
35	6	8.98978e-07
36	6	1.54664e-07
37	6	2.26749e-08
38	6	2.83278e-09
39	6	3.01573e-10
40	6	2.73581e-11
41	6	2.11491e-12
42	6	1.39319e-13
43	6	7.82066e-15
44	6	3.741e-16
45	6	1.52492e-17
46	6	5.29683e-19
47	6	1.56783e-20
48	6	3.95454e-22
49	6	8.49973e-24

0	7	1.15691e-23
1	7	5.38257e-22
2	7	2.13399e-20
3	7	7.20958e-19
4	7	2.07558e-17
5	7	5.09192e-16
6	7	1.06448e-14
7	7	1.89629e-13
8	7	2.87863e-12
9	7	3.72375e-11
10	7	4.10475e-10
11	7	3.85573e-09
12	7	3.0863e-08
13	7	2.10516e-07
14	7	1.22361e-06
15	7	6.06057e-06
16	7	2.55798e-05
17	7	9.20014e-05
18	7	0.000281971
19	7	0.000736422
20	7	0.00163894
21	7	0.00310822
22	7	0.00502311
23	7	0.00691746
24	7	0.00811771
25	7	0.00811771
26	7	0.00691746
27	7	0.00502311
28	7	0.00310822
29	7	0.00163894
30	7	0.000736422
31	7	0.000281971
32	7	9.20014e-05
33	7	2.55798e-05
34	7	6.06057e-06
35	7	1.22361e-06
36	7	2.10516e-07
37	7	3.0863e-08
38	7	3.85573e-09
39	7	4.10475e-10
40	7	3.72375e-11
41	7	2.87863e-12
42	7	1.89629e-13
43	7	1.06448e-14
44	7	5.09192e-16
45	7	2.07558e-17
46	7	7.20958e-19
47	7	2.13399e-20
48	7	5.38257e-22
49	7	1.15691e-23

0	8	1.51106e-23
1	8	7.03029e-22
2	8	2.78726e-20
3	8	9.41659e-19
4	8	2.71096e-17
5	8	6.65067e-16
6	8	1.39034e-14
7	8	2.47679e-13
8	8	3.75984e-12
9	8	4.86367e-11
10	8	5.36131e-10
11	8	5.03605e-09
12	8	4.03109e-08
13	8	2.74959e-07
14	8	1.59818e-06
15	8	7.91585e-06
16	8	3.34104e-05
17	8	0.000120165
18	8	0.000368289
19	8	0.000961858
20	8	0.00214065
21	8	0.00405971
22	8	0.00656079
23	8	0.00903505
24	8	0.0106027
25	8	0.0106027
26	8	0.00903505
27	8	0.00656079
28	8	0.00405971
29	8	0.00214065
30	8	0.000961858
31	8	0.000368289
32	8	0.000120165
33	8	3.34104e-05
34	8	7.91585e-06
35	8	1.59818e-06
36	8	2.74959e-07
37	8	4.03109e-08
38	8	5.03605e-09
39	8	5.36131e-10
40	8	4.86367e-11
41	8	3.75984e-12
42	8	2.47679e-13
43	8	1.39034e-14
44	8	6.65067e-16
45	8	2.71096e-17
46	8	9.41659e-19
47	8	2.78726e-20
48	8	7.03029e-22
49	8	1.51106e-23

0	9	1.91244e-23
1	9	8.89771e-22
2	9	3.52762e-20
3	9	1.19179e-18
4	9	3.43106e-17
5	9	8.41725e-16
6	9	1.75965e-14
7	9	3.13468e-13
8	9	4.75855e-12
9	9	6.15558e-11
10	9	6.7854e-10
11	9	6.37375e-09
12	9	5.10185e-08
13	9	3.47995e-07
14	9	2.0227e-06
15	9	1.00185e-05
16	9	4.2285e-05
17	9	0.000152084
18	9	0.000466115
19	9	0.00121735
20	9	0.00270927
21	9	0.00513807
22	9	0.0083035
23	9	0.011435
24	9	0.0134191
25	9	0.0134191
26	9	0.011435
27	9	0.0083035
28	9	0.00513807
29	9	0.00270927
30	9	0.00121735
31	9	0.000466115
32	9	0.000152084
33	9	4.2285e-05
34	9	1.00185e-05
35	9	2.0227e-06
36	9	3.47995e-07
37	9	5.10185e-08
38	9	6.37375e-09
39	9	6.7854e-10
40	9	6.15558e-11
41	9	4.75855e-12
42	9	3.13468e-13
43	9	1.75965e-14
44	9	8.41725e-16
45	9	3.43106e-17
46	9	1.19179e-18
47	9	3.52762e-20
48	9	8.89771e-22
49	9	1.91244e-23

0	10	2.36103e-23
1	10	1.09848e-21
2	10	4.35509e-20
3	10	1.47134e-18
4	10	4.23588e-17
5	10	1.03917e-15
6	10	2.17241e-14
7	10	3.86998e-13
8	10	5.87475e-12
9	10	7.59948e-11
10	10	8.37704e-10
11	10	7.86883e-09
12	10	6.29858e-08
13	10	4.29623e-07
14	10	2.49716e-06
15	10	1.23685e-05
16	10	5.22037e-05
17	10	0.000187758
18	10	0.000575451
19	10	0.0015029
20	10	0.00334477
21	10	0.0063433
22	10	0.0102512
23	10	0.0141173
24	10	0.0165668
25	10	0.0165668
26	10	0.0141173
27	10	0.0102512
28	10	0.0063433
29	10	0.00334477
30	10	0.0015029
31	10	0.000575451
32	10	0.000187758
33	10	5.22037e-05
34	10	1.23685e-05
35	10	2.49716e-06
36	10	4.29623e-07
37	10	6.29858e-08
38	10	7.86883e-09
39	10	8.37704e-10
40	10	7.59948e-11
41	10	5.87475e-12
42	10	3.86998e-13
43	10	2.17241e-14
44	10	1.03917e-15
45	10	4.23588e-17
46	10	1.47134e-18
47	10	4.35509e-20
48	10	1.09848e-21
49	10	2.36103e-23

0	11	2.85685e-23
1	11	1.32916e-21
2	11	5.26966e-20
3	11	1.78032e-18
4	11	5.12541e-17
5	11	1.25739e-15
6	11	2.62861e-14
7	11	4.68268e-13
8	11	7.10845e-12
9	11	9.19537e-11
10	11	1.01362e-09
11	11	9.52128e-09
12	11	7.62128e-08
13	11	5.19844e-07
14	11	3.02156e-06
15	11	1.49659e-05
16	11	6.31665e-05
17	11	0.000227187
18	11	0.000696295
19	11	0.00181851
20	11	0.00404717
21	11	0.00767539
22	11	0.012404
23	11	0.0170819
24	11	0.0200458
25	11	0.0200458
26	11	0.0170819
27	11	0.012404
28	11	0.00767539
29	11	0.00404717
30	11	0.00181851
31	11	0.000696295
32	11	0.000227187
33	11	6.31665e-05
34	11	1.49659e-05
35	11	3.02156e-06
36	11	5.19844e-07
37	11	7.62128e-08
38	11	9.52128e-09
39	11	1.01362e-09
40	11	9.19537e-11
41	11	7.10845e-12
42	11	4.68268e-13
43	11	2.62861e-14
44	11	1.25739e-15
45	11	5.12541e-17
46	11	1.78032e-18
47	11	5.26966e-20
48	11	1.32916e-21
49	11	2.85685e-23

0	12	3.39989e-23
1	12	1.58182e-21
2	12	6.27133e-20
3	12	2.11873e-18
4	12	6.09967e-17
5	12	1.4964e-15
6	12	3.12827e-14
7	12	5.57277e-13
8	12	8.45964e-12
9	12	1.09433e-10
10	12	1.20629e-09
11	12	1.13311e-08
12	12	9.06995e-08
13	12	6.18658e-07
14	12	3.59591e-06
15	12	1.78107e-05
16	12	7.51734e-05
17	12	0.000270372
18	12	0.000828649
19	12	0.00216418
20	12	0.00481647
21	12	0.00913435
22	12	0.0147618
23	12	0.0203289
24	12	0.0238561
25	12	0.0238561
26	12	0.0203289
27	12	0.0147618
28	12	0.00913435
29	12	0.00481647
30	12	0.00216418
31	12	0.000828649
32	12	0.000270372
33	12	7.51734e-05
34	12	1.78107e-05
35	12	3.59591e-06
36	12	6.18658e-07
37	12	9.06995e-08
38	12	1.13311e-08
39	12	1.20629e-09
40	12	1.09433e-10
41	12	8.45964e-12
42	12	5.57277e-13
43	12	3.12827e-14
44	12	1.4964e-15
45	12	6.09967e-17
46	12	2.11873e-18
47	12	6.27133e-20
48	12	1.58182e-21
49	12	3.39989e-23

0	13	3.99015e-23
1	13	1.85644e-21
2	13	7.3601e-20
3	13	2.48657e-18
4	13	7.15864e-17
5	13	1.75619e-15
6	13	3.67137e-14
7	13	6.54027e-13
8	13	9.92833e-12
9	13	1.28431e-10
10	13	1.41572e-09
11	13	1.32983e-08
12	13	1.06446e-07
13	13	7.26064e-07
14	13	4.2202e-06
15	13	2.09028e-05
16	13	8.82243e-05
17	13	0.000317311
18	13	0.000972512
19	13	0.00253991
20	13	0.00565267
21	13	0.0107202
22	13	0.0173246
23	13	0.0238582
24	13	0.0279978
25	13	0.0279978
26	13	0.0238582
27	13	0.0173246
28	13	0.0107202
29	13	0.00565267
30	13	0.00253991
31	13	0.000972512
32	13	0.000317311
33	13	8.82243e-05
34	13	2.09028e-05
35	13	4.2202e-06
36	13	7.26064e-07
37	13	1.06446e-07
38	13	1.32983e-08
39	13	1.41572e-09
40	13	1.28431e-10
41	13	9.92833e-12
42	13	6.54027e-13
43	13	3.67137e-14
44	13	1.75619e-15
45	13	7.15864e-17
46	13	2.48657e-18
47	13	7.3601e-20
48	13	1.85644e-21
49	13	3.99015e-23

0	14	4.62763e-23
1	14	2.15303e-21
2	14	8.53598e-20
3	14	2.88383e-18
4	14	8.30232e-17
5	14	2.03677e-15
6	14	4.25792e-14
7	14	7.58516e-13
8	14	1.15145e-11
9	14	1.4895e-10
10	14	1.6419e-09
11	14	1.54229e-08
12	14	1.23452e-07
13	14	8.42062e-07
14	14	4.89443e-06
15	14	2.42423e-05
16	14	0.000102319
17	14	0.000368006
18	14	0.00112788
19	14	0.00294569
20	14	0.00655575
21	14	0.0124329
22	14	0.0200924
23	14	0.0276698
24	14	0.0324709
25	14	0.0324709
26	14	0.0276698
27	14	0.0200924
28	14	0.0124329
29	14	0.00655575
30	14	0.00294569
31	14	0.00112788
32	14	0.000368006
33	14	0.000102319
34	14	2.42423e-05
35	14	4.89443e-06
36	14	8.42062e-07
37	14	1.23452e-07
38	14	1.54229e-08
39	14	1.6419e-09
40	14	1.4895e-10
41	14	1.15145e-11
42	14	7.58516e-13
43	14	4.25792e-14
44	14	2.03677e-15
45	14	8.30232e-17
46	14	2.88383e-18
47	14	8.53598e-20
48	14	2.15303e-21
49	14	4.62763e-23

0	15	5.31233e-23
1	15	2.47159e-21
2	15	9.79895e-20
3	15	3.31052e-18
4	15	9.53073e-17
5	15	2.33813e-15
6	15	4.88791e-14
7	15	8.70746e-13
8	15	1.32182e-11
9	15	1.70988e-10
10	15	1.88483e-09
11	15	1.77049e-08
12	15	1.41718e-07
13	15	9.66653e-07
14	15	5.61861e-06
15	15	2.78292e-05
16	15	0.000117458
17	15	0.000422455
18	15	0.00129476
19	15	0.00338153
20	15	0.00752574
21	15	0.0142724
22	15	0.0230653
23	15	0.0317639
24	15	0.0372752
25	15	0.0372752
26	15	0.0317639
27	15	0.0230653
28	15	0.0142724
29	15	0.00752574
30	15	0.00338153
31	15	0.00129476
32	15	0.000422455
33	15	0.000117458
34	15	2.78292e-05
35	15	5.61861e-06
36	15	9.66653e-07
37	15	1.41718e-07
38	15	1.77049e-08
39	15	1.88483e-09
40	15	1.70988e-10
41	15	1.32182e-11
42	15	8.70746e-13
43	15	4.88791e-14
44	15	2.33813e-15
45	15	9.53073e-17
46	15	3.31052e-18
47	15	9.79895e-20
48	15	2.47159e-21
49	15	5.31233e-23

0	16	6.04425e-23
1	16	2.81212e-21
2	16	1.1149e-19
3	16	3.76664e-18
4	16	1.08439e-16
5	16	2.66027e-15
6	16	5.56136e-14
7	16	9.90715e-13
8	16	1.50394e-11
9	16	1.94547e-10
10	16	2.14452e-09
11	16	2.01442e-08
12	16	1.61244e-07
13	16	1.09984e-06
14	16	6.39273e-06
15	16	3.16634e-05
16	16	0.000133642
17	16	0.00048066
18	16	0.00147315
19	16	0.00384743
20	16	0.00856262
21	16	0.0162388
22	16	0.0262432
23	16	0.0361402
24	16	0.0424109
25	16	0.0424109
26	16	0.0361402
27	16	0.0262432
28	16	0.0162388
29	16	0.00856262
30	16	0.00384743
31	16	0.00147315
32	16	0.00048066
33	16	0.000133642
34	16	3.16634e-05
35	16	6.39273e-06
36	16	1.09984e-06
37	16	1.61244e-07
38	16	2.01442e-08
39	16	2.14452e-09
40	16	1.94547e-10
41	16	1.50394e-11
42	16	9.90715e-13
43	16	5.56136e-14
44	16	2.66027e-15
45	16	1.08439e-16
46	16	3.76664e-18
47	16	1.1149e-19
48	16	2.81212e-21
49	16	6.04425e-23

0	17	6.82339e-23
1	17	3.17462e-21
2	17	1.25862e-19
3	17	4.25218e-18
4	17	1.22417e-16
5	17	3.00319e-15
6	17	6.27825e-14
7	17	1.11842e-12
8	17	1.6978e-11
9	17	2.19625e-10
10	17	2.42096e-09
11	17	2.27409e-08
12	17	1.82029e-07
13	17	1.24161e-06
14	17	7.21679e-06
15	17	3.5745e-05
16	17	0.000150869
17	17	0.000542621
18	17	0.00166305
19	17	0.00434339
20	17	0.00966639
21	17	0.0183321
22	17	0.0296261
23	17	0.0407989
24	17	0.047878
25	17	0.047878
26	17	0.0407989
27	17	0.0296261
28	17	0.0183321
29	17	0.00966639
30	17	0.00434339
31	17	0.00166305
32	17	0.000542621
33	17	0.000150869
34	17	3.5745e-05
35	17	7.21679e-06
36	17	1.24161e-06
37	17	1.82029e-07
38	17	2.27409e-08
39	17	2.42096e-09
40	17	2.19625e-10
41	17	1.6978e-11
42	17	1.11842e-12
43	17	6.27825e-14
44	17	3.00319e-15
45	17	1.22417e-16
46	17	4.25218e-18
47	17	1.25862e-19
48	17	3.17462e-21
49	17	6.82339e-23

0	18	7.64975e-23
1	18	3.55908e-21
2	18	1.41105e-19
3	18	4.76715e-18
4	18	1.37243e-16
5	18	3.3669e-15
6	18	7.0386e-14
7	18	1.25387e-12
8	18	1.90342e-11
9	18	2.46223e-10
10	18	2.71416e-09
11	18	2.5495e-08
12	18	2.04074e-07
13	18	1.39198e-06
14	18	8.0908e-06
15	18	4.0074e-05
16	18	0.00016914
17	18	0.000608336
18	18	0.00186446
19	18	0.00486941
20	18	0.0108371
21	18	0.0205523
22	18	0.033214
23	18	0.0457399
24	18	0.0536763
25	18	0.0536763
26	18	0.0457399
27	18	0.033214
28	18	0.0205523
29	18	0.0108371
30	18	0.00486941
31	18	0.00186446
32	18	0.000608336
33	18	0.00016914
34	18	4.0074e-05
35	18	8.0908e-06
36	18	1.39198e-06
37	18	2.04074e-07
38	18	2.5495e-08
39	18	2.71416e-09
40	18	2.46223e-10
41	18	1.90342e-11
42	18	1.25387e-12
43	18	7.0386e-14
44	18	3.3669e-15
45	18	1.37243e-16
46	18	4.76715e-18
47	18	1.41105e-19
48	18	3.55908e-21
49	18	7.64975e-23

0	19	8.52334e-23
1	19	3.96552e-21
2	19	1.57219e-19
3	19	5.31155e-18
4	19	1.52915e-16
5	19	3.75139e-15
6	19	7.84239e-14
7	19	1.39706e-12
8	19	2.12079e-11
9	19	2.74341e-10
10	19	3.02411e-09
11	19	2.84065e-08
12	19	2.27379e-07
13	19	1.55094e-06
14	19	9.01475e-06
15	19	4.46503e-05
16	19	0.000188455
17	19	0.000677806
18	19	0.00207738
19	19	0.00542548
20	19	0.0120746
21	19	0.0228993
22	19	0.037007
23	19	0.0509633
24	19	0.059806
25	19	0.059806
26	19	0.0509633
27	19	0.037007
28	19	0.0228993
29	19	0.0120746
30	19	0.00542548
31	19	0.00207738
32	19	0.000677806
33	19	0.000188455
34	19	4.46503e-05
35	19	9.01475e-06
36	19	1.55094e-06
37	19	2.27379e-07
38	19	2.84065e-08
39	19	3.02411e-09
40	19	2.74341e-10
41	19	2.12079e-11
42	19	1.39706e-12
43	19	7.84239e-14
44	19	3.75139e-15
45	19	1.52915e-16
46	19	5.31155e-18
47	19	1.57219e-19
48	19	3.96552e-21
49	19	8.52334e-23

0	20	9.44414e-23
1	20	4.39393e-21
2	20	1.74204e-19
3	20	5.88537e-18
4	20	1.69435e-16
5	20	4.15667e-15
6	20	8.68962e-14
7	20	1.54799e-12
8	20	2.3499e-11
9	20	3.03979e-10
10	20	3.35082e-09
11	20	3.14753e-08
12	20	2.51943e-07
13	20	1.71849e-06
14	20	9.98864e-06
15	20	4.94741e-05
16	20	0.000208815
17	20	0.000751032
18	20	0.0023018
19	20	0.00601161
20	20	0.0133791
21	20	0.0253732
22	20	0.041005
23	20	0.0564691
24	20	0.0662671
25	20	0.0662671
26	20	0.0564691
27	20	0.041005
28	20	0.0253732
29	20	0.0133791
30	20	0.00601161
31	20	0.0023018
32	20	0.000751032
33	20	0.000208815
34	20	4.94741e-05
35	20	9.98864e-06
36	20	1.71849e-06
37	20	2.51943e-07
38	20	3.14753e-08
39	20	3.35082e-09
40	20	3.03979e-10
41	20	2.3499e-11
42	20	1.54799e-12
43	20	8.68962e-14
44	20	4.15667e-15
45	20	1.69435e-16
46	20	5.88537e-18
47	20	1.74204e-19
48	20	4.39393e-21
49	20	9.44414e-23

0	21	1.04122e-22
1	21	4.84431e-21
2	21	1.92059e-19
3	21	6.48862e-18
4	21	1.86802e-16
5	21	4.58273e-15
6	21	9.58031e-14
7	21	1.70666e-12
8	21	2.59077e-11
9	21	3.35137e-10
10	21	3.69427e-09
11	21	3.47015e-08
12	21	2.77767e-07
13	21	1.89464e-06
14	21	1.10125e-05
15	21	5.45451e-05
16	21	0.000230218
17	21	0.000828013
18	21	0.00253774
19	21	0.0066278
20	21	0.0147504
21	21	0.0279739
22	21	0.045208
23	21	0.0622571
24	21	0.0730594
25	21	0.0730594
26	21	0.0622571
27	21	0.045208
28	21	0.0279739
29	21	0.0147504
30	21	0.0066278
31	21	0.00253774
32	21	0.000828013
33	21	0.000230218
34	21	5.45451e-05
35	21	1.10125e-05
36	21	1.89464e-06
37	21	2.77767e-07
38	21	3.47015e-08
39	21	3.69427e-09
40	21	3.35137e-10
41	21	2.59077e-11
42	21	1.70666e-12
43	21	9.58031e-14
44	21	4.58273e-15
45	21	1.86802e-16
46	21	6.48862e-18
47	21	1.92059e-19
48	21	4.84431e-21
49	21	1.04122e-22

0	22	1.14274e-22
1	22	5.31666e-21
2	22	2.10786e-19
3	22	7.1213e-18
4	22	2.05017e-16
5	22	5.02957e-15
6	22	1.05144e-13
7	22	1.87307e-12
8	22	2.84338e-11
9	22	3.67815e-10
10	22	4.05449e-09
11	22	3.80851e-08
12	22	3.04851e-07
13	22	2.07938e-06
14	22	1.20863e-05
15	22	5.98636e-05
16	22	0.000252666
17	22	0.000908749
18	22	0.00278518
19	22	0.00727405
20	22	0.0161887
21	22	0.0307016
22	22	0.049616
23	22	0.0683276
24	22	0.0801831
25	22	0.0801831
26	22	0.0683276
27	22	0.049616
28	22	0.0307016
29	22	0.0161887
30	22	0.00727405
31	22	0.00278518
32	22	0.000908749
33	22	0.000252666
34	22	5.98636e-05
35	22	1.20863e-05
36	22	2.07938e-06
37	22	3.04851e-07
38	22	3.80851e-08
39	22	4.05449e-09
40	22	3.67815e-10
41	22	2.84338e-11
42	22	1.87307e-12
43	22	1.05144e-13
44	22	5.02957e-15
45	22	2.05017e-16
46	22	7.1213e-18
47	22	2.10786e-19
48	22	5.31666e-21
49	22	1.14274e-22

0	23	1.24899e-22
1	23	5.81097e-21
2	23	2.30384e-19
3	23	7.7834e-18
4	23	2.24078e-16
5	23	5.4972e-15
6	23	1.1492e-13
7	23	2.04722e-12
8	23	3.10774e-11
9	23	4.02013e-10
10	23	4.43145e-09
11	23	4.16261e-08
12	23	3.33195e-07
13	23	2.27271e-06
14	23	1.321e-05
15	23	6.54294e-05
16	23	0.000276158
17	23	0.00099324
18	23	0.00304414
19	23	0.00795036
20	23	0.0176938
21	23	0.033556
22	23	0.0542291
23	23	0.0746803
24	23	0.0876382
25	23	0.0876382
26	23	0.0746803
27	23	0.0542291
28	23	0.033556
29	23	0.0176938
30	23	0.00795036
31	23	0.00304414
32	23	0.00099324
33	23	0.000276158
34	23	6.54294e-05
35	23	1.321e-05
36	23	2.27271e-06
37	23	3.33195e-07
38	23	4.16261e-08
39	23	4.43145e-09
40	23	4.02013e-10
41	23	3.10774e-11
42	23	2.04722e-12
43	23	1.1492e-13
44	23	5.4972e-15
45	23	2.24078e-16
46	23	7.7834e-18
47	23	2.30384e-19
48	23	5.81097e-21
49	23	1.24899e-22

0	24	1.35996e-22
1	24	6.32726e-21
2	24	2.50853e-19
3	24	8.47494e-18
4	24	2.43987e-16
5	24	5.9856e-15
6	24	1.25131e-13
7	24	2.22911e-12
8	24	3.38386e-11
9	24	4.3773e-10
10	24	4.82517e-09
11	24	4.53245e-08
12	24	3.62798e-07
13	24	2.47463e-06
14	24	1.43836e-05
15	24	7.12426e-05
16	24	0.000300693
17	24	0.00108149
18	24	0.0033146
19	24	0.00865672
20	24	0.0192659
21	24	0.0365374
22	24	0.0590471
23	24	0.0813155
24	24	0.0954246
25	24	0.0954246
26	24	0.0813155
27	24	0.0590471
28	24	0.0365374
29	24	0.0192659
30	24	0.00865672
31	24	0.0033146
32	24	0.00108149
33	24	0.000300693
34	24	7.12426e-05
35	24	1.43836e-05
36	24	2.47463e-06
37	24	3.62798e-07
38	24	4.53245e-08
39	24	4.82517e-09
40	24	4.3773e-10
41	24	3.38386e-11
42	24	2.22911e-12
43	24	1.25131e-13
44	24	5.9856e-15
45	24	2.43987e-16
46	24	8.47494e-18
47	24	2.50853e-19
48	24	6.32726e-21
49	24	1.35996e-22

0	25	1.47565e-22
1	25	6.86552e-21
2	25	2.72193e-19
3	25	9.19589e-18
4	25	2.64742e-16
5	25	6.4948e-15
6	25	1.35775e-13
7	25	2.41874e-12
8	25	3.67172e-11
9	25	4.74968e-10
10	25	5.23565e-09
11	25	4.91802e-08
12	25	3.93661e-07
13	25	2.68515e-06
14	25	1.56073e-05
15	25	7.73032e-05
16	25	0.000326273
17	25	0.00117349
18	25	0.00359657
19	25	0.00939314
20	25	0.0209048
21	25	0.0396456
22	25	0.0640702
23	25	0.0882329
24	25	0.103542
25	25	0.103542
26	25	0.0882329
27	25	0.0640702
28	25	0.0396456
29	25	0.0209048
30	25	0.00939314
31	25	0.00359657
32	25	0.00117349
33	25	0.000326273
34	25	7.73032e-05
35	25	1.56073e-05
36	25	2.68515e-06
37	25	3.93661e-07
38	25	4.91802e-08
39	25	5.23565e-09
40	25	4.74968e-10
41	25	3.67172e-11
42	25	2.41874e-12
43	25	1.35775e-13
44	25	6.4948e-15
45	25	2.64742e-16
46	25	9.19589e-18
47	25	2.72193e-19
48	25	6.86552e-21
49	25	1.47565e-22

0	26	1.59606e-22
1	26	7.42574e-21
2	26	2.94404e-19
3	26	9.94628e-18
4	26	2.86345e-16
5	26	7.02477e-15
6	26	1.46855e-13
7	26	2.61611e-12
8	26	3.97133e-11
9	26	5.13725e-10
10	26	5.66288e-09
11	26	5.31933e-08
12	26	4.25784e-07
13	26	2.90425e-06
14	26	1.68808e-05
15	26	8.36112e-05
16	26	0.000352897
17	26	0.00126924
18	26	0.00389005
19	26	0.0101596
20	26	0.0226107
21	26	0.0428807
22	26	0.0692984
23	26	0.0954327
24	26	0.111991
25	26	0.111991
26	26	0.0954327
27	26	0.0692984
28	26	0.0428807
29	26	0.0226107
30	26	0.0101596
31	26	0.00389005
32	26	0.00126924
33	26	0.000352897
34	26	8.36112e-05
35	26	1.68808e-05
36	26	2.90425e-06
37	26	4.25784e-07
38	26	5.31933e-08
39	26	5.66288e-09
40	26	5.13725e-10
41	26	3.97133e-11
42	26	2.61611e-12
43	26	1.46855e-13
44	26	7.02477e-15
45	26	2.86345e-16
46	26	9.94628e-18
47	26	2.94404e-19
48	26	7.42574e-21
49	26	1.59606e-22

0	27	1.72119e-22
1	27	8.00794e-21
2	27	3.17486e-19
3	27	1.07261e-17
4	27	3.08796e-16
5	27	7.57553e-15
6	27	1.58368e-13
7	27	2.82122e-12
8	27	4.28269e-11
9	27	5.54002e-10
10	27	6.10686e-09
11	27	5.73638e-08
12	27	4.59166e-07
13	27	3.13196e-06
14	27	1.82043e-05
15	27	9.01665e-05
16	27	0.000380565
17	27	0.00136876
18	27	0.00419504
19	27	0.0109562
20	27	0.0243834
21	27	0.0462426
22	27	0.0747315
23	27	0.102915
24	27	0.120772
25	27	0.120772
26	27	0.102915
27	27	0.0747315
28	27	0.0462426
29	27	0.0243834
30	27	0.0109562
31	27	0.00419504
32	27	0.00136876
33	27	0.000380565
34	27	9.01665e-05
35	27	1.82043e-05
36	27	3.13196e-06
37	27	4.59166e-07
38	27	5.73638e-08
39	27	6.10686e-09
40	27	5.54002e-10
41	27	4.28269e-11
42	27	2.82122e-12
43	27	1.58368e-13
44	27	7.57553e-15
45	27	3.08796e-16
46	27	1.07261e-17
47	27	3.17486e-19
48	27	8.00794e-21
49	27	1.72119e-22

0	28	1.85105e-22
1	28	8.6121e-21
2	28	3.41439e-19
3	28	1.15353e-17
4	28	3.32093e-16
5	28	8.14707e-15
6	28	1.70317e-13
7	28	3.03406e-12
8	28	4.6058e-11
9	28	5.95799e-10
10	28	6.5676e-09
11	28	6.16916e-08
12	28	4.93809e-07
13	28	3.36825e-06
14	28	1.95777e-05
15	28	9.69691e-05
16	28	0.000409277
17	28	0.00147202
18	28	0.00451153
19	28	0.0117828
20	28	0.026223
21	28	0.0497314
22	28	0.0803697
23	28	0.110679
24	28	0.129883
25	28	0.129883
26	28	0.110679
27	28	0.0803697
28	28	0.0497314
29	28	0.026223
30	28	0.0117828
31	28	0.00451153
32	28	0.00147202
33	28	0.000409277
34	28	9.69691e-05
35	28	1.95777e-05
36	28	3.36825e-06
37	28	4.93809e-07
38	28	6.16916e-08
39	28	6.5676e-09
40	28	5.95799e-10
41	28	4.6058e-11
42	28	3.03406e-12
43	28	1.70317e-13
44	28	8.14707e-15
45	28	3.32093e-16
46	28	1.15353e-17
47	28	3.41439e-19
48	28	8.6121e-21
49	28	1.85105e-22

0	29	1.98563e-22
1	29	9.23824e-21
2	29	3.66263e-19
3	29	1.2374e-17
4	29	3.56237e-16
5	29	8.7394e-15
6	29	1.82699e-13
7	29	3.25465e-12
8	29	4.94067e-11
9	29	6.39116e-10
10	29	7.04509e-09
11	29	6.61769e-08
12	29	5.29711e-07
13	29	3.61313e-06
14	29	2.10011e-05
15	29	0.000104019
16	29	0.000439033
17	29	0.00157904
18	29	0.00483954
19	29	0.0126394
20	29	0.0281295
21	29	0.0533471
22	29	0.0862129
23	29	0.118726
24	29	0.139327
25	29	0.139327
26	29	0.118726
27	29	0.0862129
28	29	0.0533471
29	29	0.0281295
30	29	0.0126394
31	29	0.00483954
32	29	0.00157904
33	29	0.000439033
34	29	0.000104019
35	29	2.10011e-05
36	29	3.61313e-06
37	29	5.29711e-07
38	29	6.61769e-08
39	29	7.04509e-09
40	29	6.39116e-10
41	29	4.94067e-11
42	29	3.25465e-12
43	29	1.82699e-13
44	29	8.7394e-15
45	29	3.56237e-16
46	29	1.2374e-17
47	29	3.66263e-19
48	29	9.23824e-21
49	29	1.98563e-22

0	30	2.12493e-22
1	30	9.88635e-21
2	30	3.91958e-19
3	30	1.32421e-17
4	30	3.81229e-16
5	30	9.3525e-15
6	30	1.95517e-13
7	30	3.48298e-12
8	30	5.28728e-11
9	30	6.83953e-10
10	30	7.53934e-09
11	30	7.08195e-08
12	30	5.66872e-07
13	30	3.86661e-06
14	30	2.24744e-05
15	30	0.000111317
16	30	0.000469833
17	30	0.00168982
18	30	0.00517906
19	30	0.0135261
20	30	0.030103
21	30	0.0570897
22	30	0.0922612
23	30	0.127055
24	30	0.149101
25	30	0.149101
26	30	0.127055
27	30	0.0922612
28	30	0.0570897
29	30	0.030103
30	30	0.0135261
31	30	0.00517906
32	30	0.00168982
33	30	0.000469833
34	30	0.000111317
35	30	2.24744e-05
36	30	3.86661e-06
37	30	5.66872e-07
38	30	7.08195e-08
39	30	7.53934e-09
40	30	6.83953e-10
41	30	5.28728e-11
42	30	3.48298e-12
43	30	1.95517e-13
44	30	9.3525e-15
45	30	3.81229e-16
46	30	1.32421e-17
47	30	3.91958e-19
48	30	9.88635e-21
49	30	2.12493e-22

0	31	2.26895e-22
1	31	1.05564e-20
2	31	4.18524e-19
3	31	1.41396e-17
4	31	4.07068e-16
5	31	9.9864e-15
6	31	2.08768e-13
7	31	3.71905e-12
8	31	5.64564e-11
9	31	7.3031e-10
10	31	8.05034e-09
11	31	7.56194e-08
12	31	6.05293e-07
13	31	4.12868e-06
14	31	2.39977e-05
15	31	0.000118861
16	31	0.000501678
17	31	0.00180435
18	31	0.00553008
19	31	0.0144429
20	31	0.0321433
21	31	0.0609591
22	31	0.0985144
23	31	0.135667
24	31	0.159207
25	31	0.159207
26	31	0.135667
27	31	0.0985144
28	31	0.0609591
29	31	0.0321433
30	31	0.0144429
31	31	0.00553008
32	31	0.00180435
33	31	0.000501678
34	31	0.000118861
35	31	2.39977e-05
36	31	4.12868e-06
37	31	6.05293e-07
38	31	7.56194e-08
39	31	8.05034e-09
40	31	7.3031e-10
41	31	5.64564e-11
42	31	3.71905e-12
43	31	2.08768e-13
44	31	9.9864e-15
45	31	4.07068e-16
46	31	1.41396e-17
47	31	4.18524e-19
48	31	1.05564e-20
49	31	2.26895e-22

0	32	2.4177e-22
1	32	1.12485e-20
2	32	4.45961e-19
3	32	1.50666e-17
4	32	4.33754e-16
5	32	1.06411e-14
6	32	2.22454e-13
7	32	3.96286e-12
8	32	6.01575e-11
9	32	7.78187e-10
10	32	8.57809e-09
11	32	8.05768e-08
12	32	6.44975e-07
13	32	4.39935e-06
14	32	2.55709e-05
15	32	0.000126654
16	32	0.000534566
17	32	0.00192264
18	32	0.00589262
19	32	0.0153897
20	32	0.0342505
21	32	0.0649554
22	32	0.104973
23	32	0.144561
24	32	0.169644
25	32	0.169644
26	32	0.144561
27	32	0.104973
28	32	0.0649554
29	32	0.0342505
30	32	0.0153897
31	32	0.00589262
32	32	0.00192264
33	32	0.000534566
34	32	0.000126654
35	32	2.55709e-05
36	32	4.39935e-06
37	32	6.44975e-07
38	32	8.05768e-08
39	32	8.57809e-09
40	32	7.78187e-10
41	32	6.01575e-11
42	32	3.96286e-12
43	32	2.22454e-13
44	32	1.06411e-14
45	32	4.33754e-16
46	32	1.50666e-17
47	32	4.45961e-19
48	32	1.12485e-20
49	32	2.4177e-22

0	33	2.57117e-22
1	33	1.19625e-20
2	33	4.74269e-19
3	33	1.60229e-17
4	33	4.61287e-16
5	33	1.13165e-14
6	33	2.36575e-13
7	33	4.21441e-12
8	33	6.3976e-11
9	33	8.27584e-10
10	33	9.1226e-09
11	33	8.56915e-08
12	33	6.85915e-07
13	33	4.6786e-06
14	33	2.71941e-05
15	33	0.000134693
16	33	0.000568498
17	33	0.00204468
18	33	0.00626666
19	33	0.0163666
20	33	0.0364246
21	33	0.0690785
22	33	0.111636
23	33	0.153737
24	33	0.180412
25	33	0.180412
26	33	0.153737
27	33	0.111636
28	33	0.0690785
29	33	0.0364246
30	33	0.0163666
31	33	0.00626666
32	33	0.00204468
33	33	0.000568498
34	33	0.000134693
35	33	2.71941e-05
36	33	4.6786e-06
37	33	6.85915e-07
38	33	8.56915e-08
39	33	9.1226e-09
40	33	8.27584e-10
41	33	6.3976e-11
42	33	4.21441e-12
43	33	2.36575e-13
44	33	1.13165e-14
45	33	4.61287e-16
46	33	1.60229e-17
47	33	4.74269e-19
48	33	1.19625e-20
49	33	2.57117e-22

0	34	2.72936e-22
1	34	1.26985e-20
2	34	5.03448e-19
3	34	1.70087e-17
4	34	4.89668e-16
5	34	1.20128e-14
6	34	2.5113e-13
7	34	4.4737e-12
8	34	6.79121e-11
9	34	8.785e-10
10	34	9.68386e-09
11	34	9.09637e-08
12	34	7.28116e-07
13	34	4.96645e-06
14	34	2.88672e-05
15	34	0.00014298
16	34	0.000603475
17	34	0.00217048
18	34	0.00665221
19	34	0.0173736
20	34	0.0386656
21	34	0.0733285
22	34	0.118504
23	34	0.163196
24	34	0.191512
25	34	0.191512
26	34	0.163196
27	34	0.118504
28	34	0.0733285
29	34	0.0386656
30	34	0.0173736
31	34	0.00665221
32	34	0.00217048
33	34	0.000603475
34	34	0.00014298
35	34	2.88672e-05
36	34	4.96645e-06
37	34	7.28116e-07
38	34	9.09637e-08
39	34	9.68386e-09
40	34	8.785e-10
41	34	6.79121e-11
42	34	4.4737e-12
43	34	2.5113e-13
44	34	1.20128e-14
45	34	4.89668e-16
46	34	1.70087e-17
47	34	5.03448e-19
48	34	1.26985e-20
49	34	2.72936e-22

0	35	2.89227e-22
1	35	1.34564e-20
2	35	5.33498e-19
3	35	1.80239e-17
4	35	5.18895e-16
5	35	1.27298e-14
6	35	2.6612e-13
7	35	4.74073e-12
8	35	7.19657e-11
9	35	9.30936e-10
10	35	1.02619e-08
11	35	9.63932e-08
12	35	7.71576e-07
13	35	5.26289e-06
14	35	3.05902e-05
15	35	0.000151514
16	35	0.000639495
17	35	0.00230004
18	35	0.00704927
19	35	0.0184106
20	35	0.0409735
21	35	0.0777054
22	35	0.125578
23	35	0.172937
24	35	0.202943
25	35	0.202943
26	35	0.172937
27	35	0.125578
28	35	0.0777054
29	35	0.0409735
30	35	0.0184106
31	35	0.00704927
32	35	0.00230004
33	35	0.000639495
34	35	0.000151514
35	35	3.05902e-05
36	35	5.26289e-06
37	35	7.71576e-07
38	35	9.63932e-08
39	35	1.02619e-08
40	35	9.30936e-10
41	35	7.19657e-11
42	35	4.74073e-12
43	35	2.6612e-13
44	35	1.27298e-14
45	35	5.18895e-16
46	35	1.80239e-17
47	35	5.33498e-19
48	35	1.34564e-20
49	35	2.89227e-22

0	36	3.0599e-22
1	36	1.42363e-20
2	36	5.6442e-19
3	36	1.90686e-17
4	36	5.4897e-16
5	36	1.34676e-14
6	36	2.81544e-13
7	36	5.0155e-12
8	36	7.61368e-11
9	36	9.84893e-10
10	36	1.08566e-08
11	36	1.0198e-07
12	36	8.16296e-07
13	36	5.56792e-06
14	36	3.23632e-05
15	36	0.000160296
16	36	0.00067656
17	36	0.00243334
18	36	0.00745784
19	36	0.0194776
20	36	0.0433483
21	36	0.0822091
22	36	0.132856
23	36	0.18296
24	36	0.214705
25	36	0.214705
26	36	0.18296
27	36	0.132856
28	36	0.0822091
29	36	0.0433483
30	36	0.0194776
31	36	0.00745784
32	36	0.00243334
33	36	0.00067656
34	36	0.000160296
35	36	3.23632e-05
36	36	5.56792e-06
37	36	8.16296e-07
38	36	1.0198e-07
39	36	1.08566e-08
40	36	9.84893e-10
41	36	7.61368e-11
42	36	5.0155e-12
43	36	2.81544e-13
44	36	1.34676e-14
45	36	5.4897e-16
46	36	1.90686e-17
47	36	5.6442e-19
48	36	1.42363e-20
49	36	3.0599e-22

0	37	3.23226e-22
1	37	1.50382e-20
2	37	5.96212e-19
3	37	2.01427e-17
4	37	5.79892e-16
5	37	1.42262e-14
6	37	2.97402e-13
7	37	5.298e-12
8	37	8.04254e-11
9	37	1.04037e-09
10	37	1.14682e-08
11	37	1.07724e-07
12	37	8.62275e-07
13	37	5.88155e-06
14	37	3.41861e-05
15	37	0.000169325
16	37	0.000714669
17	37	0.00257041
18	37	0.00787792
19	37	0.0205747
20	37	0.0457899
21	37	0.0868397
22	37	0.140339
23	37	0.193265
24	37	0.226799
25	37	0.226799
26	37	0.193265
27	37	0.140339
28	37	0.0868397
29	37	0.0457899
30	37	0.0205747
31	37	0.00787792
32	37	0.00257041
33	37	0.000714669
34	37	0.000169325
35	37	3.41861e-05
36	37	5.88155e-06
37	37	8.62275e-07
38	37	1.07724e-07
39	37	1.14682e-08
40	37	1.04037e-09
41	37	8.04254e-11
42	37	5.298e-12
43	37	2.97402e-13
44	37	1.42262e-14
45	37	5.79892e-16
46	37	2.01427e-17
47	37	5.96212e-19
48	37	1.50382e-20
49	37	3.23226e-22

0	38	3.40933e-22
1	38	1.58621e-20
2	38	6.28875e-19
3	38	2.12462e-17
4	38	6.11661e-16
5	38	1.50056e-14
6	38	3.13695e-13
7	38	5.58825e-12
8	38	8.48314e-11
9	38	1.09737e-09
10	38	1.20964e-08
11	38	1.13626e-07
12	38	9.09515e-07
13	38	6.20376e-06
14	38	3.6059e-05
15	38	0.000178601
16	38	0.000753822
17	38	0.00271123
18	38	0.00830951
19	38	0.0217019
20	38	0.0482985
21	38	0.0915972
22	38	0.148028
23	38	0.203853
24	38	0.239224
25	38	0.239224
26	38	0.203853
27	38	0.148028
28	38	0.0915972
29	38	0.0482985
30	38	0.0217019
31	38	0.00830951
32	38	0.00271123
33	38	0.000753822
34	38	0.000178601
35	38	3.6059e-05
36	38	6.20376e-06
37	38	9.09515e-07
38	38	1.13626e-07
39	38	1.20964e-08
40	38	1.09737e-09
41	38	8.48314e-11
42	38	5.58825e-12
43	38	3.13695e-13
44	38	1.50056e-14
45	38	6.11661e-16
46	38	2.12462e-17
47	38	6.28875e-19
48	38	1.58621e-20
49	38	3.40933e-22

0	39	3.59113e-22
1	39	1.67079e-20
2	39	6.62409e-19
3	39	2.23791e-17
4	39	6.44277e-16
5	39	1.58057e-14
6	39	3.30423e-13
7	39	5.88624e-12
8	39	8.9355e-11
9	39	1.15588e-09
10	39	1.27415e-08
11	39	1.19685e-07
12	39	9.58014e-07
13	39	6.53457e-06
14	39	3.79818e-05
15	39	0.000188125
16	39	0.000794019
17	39	0.0028558
18	39	0.00875261
19	39	0.0228592
20	39	0.050874
21	39	0.0964815
22	39	0.155921
23	39	0.214724
24	39	0.25198
25	39	0.25198
26	39	0.214724
27	39	0.155921
28	39	0.0964815
29	39	0.050874
30	39	0.0228592
31	39	0.00875261
32	39	0.0028558
33	39	0.000794019
34	39	0.000188125
35	39	3.79818e-05
36	39	6.53457e-06
37	39	9.58014e-07
38	39	1.19685e-07
39	39	1.27415e-08
40	39	1.15588e-09
41	39	8.9355e-11
42	39	5.88624e-12
43	39	3.30423e-13
44	39	1.58057e-14
45	39	6.44277e-16
46	39	2.23791e-17
47	39	6.62409e-19
48	39	1.67079e-20
49	39	3.59113e-22

0	40	3.77766e-22
1	40	1.75757e-20
2	40	6.96814e-19
3	40	2.35415e-17
4	40	6.77741e-16
5	40	1.66267e-14
6	40	3.47585e-13
7	40	6.19197e-12
8	40	9.3996e-11
9	40	1.21592e-09
10	40	1.34033e-08
11	40	1.25901e-07
12	40	1.00777e-06
13	40	6.87398e-06
14	40	3.99546e-05
15	40	0.000197896
16	40	0.000835259
17	40	0.00300413
18	40	0.00920721
19	40	0.0240464
20	40	0.0535164
21	40	0.101493
22	40	0.16402
23	40	0.225876
24	40	0.265068
25	40	0.265068
26	40	0.225876
27	40	0.16402
28	40	0.101493
29	40	0.0535164
30	40	0.0240464
31	40	0.00920721
32	40	0.00300413
33	40	0.000835259
34	40	0.000197896
35	40	3.99546e-05
36	40	6.87398e-06
37	40	1.00777e-06
38	40	1.25901e-07
39	40	1.34033e-08
40	40	1.21592e-09
41	40	9.3996e-11
42	40	6.19197e-12
43	40	3.47585e-13
44	40	1.66267e-14
45	40	6.77741e-16
46	40	2.35415e-17
47	40	6.96814e-19
48	40	1.75757e-20
49	40	3.77766e-22

0	41	3.9689e-22
1	41	1.84655e-20
2	41	7.32091e-19
3	41	2.47333e-17
4	41	7.12051e-16
5	41	1.74684e-14
6	41	3.65181e-13
7	41	6.50544e-12
8	41	9.87546e-11
9	41	1.27747e-09
10	41	1.40818e-08
11	41	1.32275e-07
12	41	1.05879e-06
13	41	7.22197e-06
14	41	4.19773e-05
15	41	0.000207915
16	41	0.000877544
17	41	0.00315621
18	41	0.00967333
19	41	0.0252638
20	41	0.0562256
21	41	0.106631
22	41	0.172323
23	41	0.237311
24	41	0.278487
25	41	0.278487
26	41	0.237311
27	41	0.172323
28	41	0.106631
29	41	0.0562256
30	41	0.0252638
31	41	0.00967333
32	41	0.00315621
33	41	0.000877544
34	41	0.000207915
35	41	4.19773e-05
36	41	7.22197e-06
37	41	1.05879e-06
38	41	1.32275e-07
39	41	1.40818e-08
40	41	1.27747e-09
41	41	9.87546e-11
42	41	6.50544e-12
43	41	3.65181e-13
44	41	1.74684e-14
45	41	7.12051e-16
46	41	2.47333e-17
47	41	7.32091e-19
48	41	1.84655e-20
49	41	3.9689e-22

0	42	4.16487e-22
1	42	1.93772e-20
2	42	7.68238e-19
3	42	2.59545e-17
4	42	7.47209e-16
5	42	1.83309e-14
6	42	3.83212e-13
7	42	6.82665e-12
8	42	1.03631e-10
9	42	1.34055e-09
10	42	1.47771e-08
11	42	1.38806e-07
12	42	1.11107e-06
13	42	7.57856e-06
14	42	4.40499e-05
15	42	0.000218181
16	42	0.000920874
17	42	0.00331205
18	42	0.010151
19	42	0.0265112
20	42	0.0590018
21	42	0.111896
22	42	0.180832
23	42	0.249029
24	42	0.292238
25	42	0.292238
26	42	0.249029
27	42	0.180832
28	42	0.111896
29	42	0.0590018
30	42	0.0265112
31	42	0.010151
32	42	0.00331205
33	42	0.000920874
34	42	0.000218181
35	42	4.40499e-05
36	42	7.57856e-06
37	42	1.11107e-06
38	42	1.38806e-07
39	42	1.47771e-08
40	42	1.34055e-09
41	42	1.03631e-10
42	42	6.82665e-12
43	42	3.83212e-13
44	42	1.83309e-14
45	42	7.47209e-16
46	42	2.59545e-17
47	42	7.68238e-19
48	42	1.93772e-20
49	42	4.16487e-22

0	43	4.36555e-22
1	43	2.03109e-20
2	43	8.05256e-19
3	43	2.72051e-17
4	43	7.83214e-16
5	43	1.92142e-14
6	43	4.01678e-13
7	43	7.15559e-12
8	43	1.08624e-10
9	43	1.40514e-09
10	43	1.54891e-08
11	43	1.45495e-07
12	43	1.16461e-06
13	43	7.94374e-06
14	43	4.61725e-05
15	43	0.000228694
16	43	0.000965247
17	43	0.00347165
18	43	0.0106401
19	43	0.0277887
20	43	0.0618448
21	43	0.117288
22	43	0.189545
23	43	0.261028
24	43	0.306319
25	43	0.306319
26	43	0.261028
27	43	0.189545
28	43	0.117288
29	43	0.0618448
30	43	0.0277887
31	43	0.0106401
32	43	0.00347165
33	43	0.000965247
34	43	0.000228694
35	43	4.61725e-05
36	43	7.94374e-06
37	43	1.16461e-06
38	43	1.45495e-07
39	43	1.54891e-08
40	43	1.40514e-09
41	43	1.08624e-10
42	43	7.15559e-12
43	43	4.01678e-13
44	43	1.92142e-14
45	43	7.83214e-16
46	43	2.72051e-17
47	43	8.05256e-19
48	43	2.03109e-20
49	43	4.36555e-22

0	44	4.57096e-22
1	44	2.12666e-20
2	44	8.43145e-19
3	44	2.84852e-17
4	44	8.20066e-16
5	44	2.01183e-14
6	44	4.20578e-13
7	44	7.49228e-12
8	44	1.13735e-10
9	44	1.47126e-09
10	44	1.62179e-08
11	44	1.52341e-07
12	44	1.2194e-06
13	44	8.31751e-06
14	44	4.8345e-05
15	44	0.000239454
16	44	0.00101066
17	44	0.00363499
18	44	0.0111407
19	44	0.0290962
20	44	0.0647548
21	44	0.122806
22	44	0.198464
23	44	0.27331
24	44	0.320733
25	44	0.320733
26	44	0.27331
27	44	0.198464
28	44	0.122806
29	44	0.0647548
30	44	0.0290962
31	44	0.0111407
32	44	0.00363499
33	44	0.00101066
34	44	0.000239454
35	44	4.8345e-05
36	44	8.31751e-06
37	44	1.2194e-06
38	44	1.52341e-07
39	44	1.62179e-08
40	44	1.47126e-09
41	44	1.13735e-10
42	44	7.49228e-12
43	44	4.20578e-13
44	44	2.01183e-14
45	44	8.20066e-16
46	44	2.84852e-17
47	44	8.43145e-19
48	44	2.12666e-20
49	44	4.57096e-22

0	45	4.7811e-22
1	45	2.22443e-20
2	45	8.81906e-19
3	45	2.97947e-17
4	45	8.57766e-16
5	45	2.10431e-14
6	45	4.39912e-13
7	45	7.83671e-12
8	45	1.18964e-10
9	45	1.5389e-09
10	45	1.69635e-08
11	45	1.59344e-07
12	45	1.27546e-06
13	45	8.69988e-06
14	45	5.05675e-05
15	45	0.000250462
16	45	0.00105713
17	45	0.0038021
18	45	0.0116529
19	45	0.0304338
20	45	0.0677316
21	45	0.128452
22	45	0.207588
23	45	0.285875
24	45	0.335477
25	45	0.335477
26	45	0.285875
27	45	0.207588
28	45	0.128452
29	45	0.0677316
30	45	0.0304338
31	45	0.0116529
32	45	0.0038021
33	45	0.00105713
34	45	0.000250462
35	45	5.05675e-05
36	45	8.69988e-06
37	45	1.27546e-06
38	45	1.59344e-07
39	45	1.69635e-08
40	45	1.5389e-09
41	45	1.18964e-10
42	45	7.83671e-12
43	45	4.39912e-13
44	45	2.10431e-14
45	45	8.57766e-16
46	45	2.97947e-17
47	45	8.81906e-19
48	45	2.22443e-20
49	45	4.7811e-22

0	46	4.99595e-22
1	46	2.32439e-20
2	46	9.21537e-19
3	46	3.11336e-17
4	46	8.96312e-16
5	46	2.19888e-14
6	46	4.59681e-13
7	46	8.18888e-12
8	46	1.2431e-10
9	46	1.60805e-09
10	46	1.77258e-08
11	46	1.66504e-07
12	46	1.33278e-06
13	46	9.09083e-06
14	46	5.28399e-05
15	46	0.000261718
16	46	0.00110463
17	46	0.00397296
18	46	0.0121765
19	46	0.0318014
20	46	0.0707754
21	46	0.134224
22	46	0.216916
23	46	0.298721
24	46	0.350553
25	46	0.350553
26	46	0.298721
27	46	0.216916
28	46	0.134224
29	46	0.0707754
30	46	0.0318014
31	46	0.0121765
32	46	0.00397296
33	46	0.00110463
34	46	0.000261718
35	46	5.28399e-05
36	46	9.09083e-06
37	46	1.33278e-06
38	46	1.66504e-07
39	46	1.77258e-08
40	46	1.60805e-09
41	46	1.2431e-10
42	46	8.18888e-12
43	46	4.59681e-13
44	46	2.19888e-14
45	46	8.96312e-16
46	46	3.11336e-17
47	46	9.21537e-19
48	46	2.32439e-20
49	46	4.99595e-22

0	47	5.21553e-22
1	47	2.42655e-20
2	47	9.62039e-19
3	47	3.2502e-17
4	47	9.35706e-16
5	47	2.29552e-14
6	47	4.79885e-13
7	47	8.54879e-12
8	47	1.29773e-10
9	47	1.67873e-09
10	47	1.85049e-08
11	47	1.73822e-07
12	47	1.39136e-06
13	47	9.49038e-06
14	47	5.51623e-05
15	47	0.000273221
16	47	0.00115318
17	47	0.00414757
18	47	0.0127117
19	47	0.0331991
20	47	0.073886
21	47	0.140123
22	47	0.22645
23	47	0.31185
24	47	0.36596
25	47	0.36596
26	47	0.31185
27	47	0.22645
28	47	0.140123
29	47	0.073886
30	47	0.0331991
31	47	0.0127117
32	47	0.00414757
33	47	0.00115318
34	47	0.000273221
35	47	5.51623e-05
36	47	9.49038e-06
37	47	1.39136e-06
38	47	1.73822e-07
39	47	1.85049e-08
40	47	1.67873e-09
41	47	1.29773e-10
42	47	8.54879e-12
43	47	4.79885e-13
44	47	2.29552e-14
45	47	9.35706e-16
46	47	3.2502e-17
47	47	9.62039e-19
48	47	2.42655e-20
49	47	5.21553e-22

0	48	5.43982e-22
1	48	2.5309e-20
2	48	1.00341e-18
3	48	3.38997e-17
4	48	9.75947e-16
5	48	2.39424e-14
6	48	5.00522e-13
7	48	8.91644e-12
8	48	1.35354e-10
9	48	1.75092e-09
10	48	1.93007e-08
11	48	1.81298e-07
12	48	1.45119e-06
13	48	9.89853e-06
14	48	5.75346e-05
15	48	0.000284971
16	48	0.00120277
17	48	0.00432594
18	48	0.0132584
19	48	0.0346269
20	48	0.0770636
21	48	0.14615
22	48	0.236189
23	48	0.325262
24	48	0.381698
25	48	0.381698
26	48	0.325262
27	48	0.236189
28	48	0.14615
29	48	0.0770636
30	48	0.0346269
31	48	0.0132584
32	48	0.00432594
33	48	0.00120277
34	48	0.000284971
35	48	5.75346e-05
36	48	9.89853e-06
37	48	1.45119e-06
38	48	1.81298e-07
39	48	1.93007e-08
40	48	1.75092e-09
41	48	1.35354e-10
42	48	8.91644e-12
43	48	5.00522e-13
44	48	2.39424e-14
45	48	9.75947e-16
46	48	3.38997e-17
47	48	1.00341e-18
48	48	2.5309e-20
49	48	5.43982e-22

0	49	5.66884e-22
1	49	2.63746e-20
2	49	1.04566e-18
3	49	3.53269e-17
4	49	1.01703e-15
5	49	2.49504e-14
6	49	5.21595e-13
7	49	9.29182e-12
8	49	1.41053e-10
9	49	1.82464e-09
10	49	2.01133e-08
11	49	1.88931e-07
12	49	1.51229e-06
13	49	1.03153e-05
14	49	5.99568e-05
15	49	0.000296968
16	49	0.00125341
17	49	0.00450807
18	49	0.0138166
19	49	0.0360847
20	49	0.080308
21	49	0.152303
22	49	0.246132
23	49	0.338956
24	49	0.397768
25	49	0.397768
26	49	0.338956
27	49	0.246132
28	49	0.152303
29	49	0.080308
30	49	0.0360847
31	49	0.0138166
32	49	0.00450807
33	49	0.00125341
34	49	0.000296968
35	49	5.99568e-05
36	49	1.03153e-05
37	49	1.51229e-06
38	49	1.88931e-07
39	49	2.01133e-08
40	49	1.82464e-09
41	49	1.41053e-10
42	49	9.29182e-12
43	49	5.21595e-13
44	49	2.49504e-14
45	49	1.01703e-15
46	49	3.53269e-17
47	49	1.04566e-18
48	49	2.63746e-20
49	49	5.66884e-22

0	50	5.90259e-22
1	50	2.74621e-20
2	50	1.08877e-18
3	50	3.67836e-17
4	50	1.05897e-15
5	50	2.59792e-14
6	50	5.43102e-13
7	50	9.67495e-12
8	50	1.46869e-10
9	50	1.89987e-09
10	50	2.09426e-08
11	50	1.96721e-07
12	50	1.57464e-06
13	50	1.07406e-05
14	50	6.2429e-05
15	50	0.000309213
16	50	0.00130509
17	50	0.00469395
18	50	0.0143863
19	50	0.0375726
20	50	0.0836193
21	50	0.158582
22	50	0.256281
23	50	0.352932
24	50	0.414169
25	50	0.414169
26	50	0.352932
27	50	0.256281
28	50	0.158582
29	50	0.0836193
30	50	0.0375726
31	50	0.0143863
32	50	0.00469395
33	50	0.00130509
34	50	0.000309213
35	50	6.2429e-05
36	50	1.07406e-05
37	50	1.57464e-06
38	50	1.96721e-07
39	50	2.09426e-08
40	50	1.89987e-09
41	50	1.46869e-10
42	50	9.67495e-12
43	50	5.43102e-13
44	50	2.59792e-14
45	50	1.05897e-15
46	50	3.67836e-17
47	50	1.08877e-18
48	50	2.74621e-20
49	50	5.90259e-22

0	51	6.14105e-22
1	51	2.85715e-20
2	51	1.13276e-18
3	51	3.82696e-17
4	51	1.10175e-15
5	51	2.70287e-14
6	51	5.65043e-13
7	51	1.00658e-11
8	51	1.52802e-10
9	51	1.97663e-09
10	51	2.17887e-08
11	51	2.04668e-07
12	51	1.63826e-06
13	51	1.11745e-05
14	51	6.49511e-05
15	51	0.000321705
16	51	0.00135782
17	51	0.00488359
18	51	0.0149675
19	51	0.0390905
20	51	0.0869975
21	51	0.164989
22	51	0.266635
23	51	0.36719
24	51	0.430902
25	51	0.430902
26	51	0.36719
27	51	0.266635
28	51	0.164989
29	51	0.0869975
30	51	0.0390905
31	51	0.0149675
32	51	0.00488359
33	51	0.00135782
34	51	0.000321705
35	51	6.49511e-05
36	51	1.11745e-05
37	51	1.63826e-06
38	51	2.04668e-07
39	51	2.17887e-08
40	51	1.97663e-09
41	51	1.52802e-10
42	51	1.00658e-11
43	51	5.65043e-13
44	51	2.70287e-14
45	51	1.10175e-15
46	51	3.82696e-17
47	51	1.13276e-18
48	51	2.85715e-20
49	51	6.14105e-22

0	52	6.38424e-22
1	52	2.9703e-20
2	52	1.17762e-18
3	52	3.97851e-17
4	52	1.14538e-15
5	52	2.80991e-14
6	52	5.87419e-13
7	52	1.04644e-11
8	52	1.58853e-10
9	52	2.0549e-09
10	52	2.26515e-08
11	52	2.12773e-07
12	52	1.70314e-06
13	52	1.1617e-05
14	52	6.75232e-05
15	52	0.000334445
16	52	0.00141159
17	52	0.00507698
18	52	0.0155602
19	52	0.0406385
20	52	0.0904426
21	52	0.171523
22	52	0.277194
23	52	0.381731
24	52	0.447965
25	52	0.447965
26	52	0.381731
27	52	0.277194
28	52	0.171523
29	52	0.0904426
30	52	0.0406385
31	52	0.0155602
32	52	0.00507698
33	52	0.00141159
34	52	0.000334445
35	52	6.75232e-05
36	52	1.1617e-05
37	52	1.70314e-06
38	52	2.12773e-07
39	52	2.26515e-08
40	52	2.0549e-09
41	52	1.58853e-10
42	52	1.04644e-11
43	52	5.87419e-13
44	52	2.80991e-14
45	52	1.14538e-15
46	52	3.97851e-17
47	52	1.17762e-18
48	52	2.9703e-20
49	52	6.38424e-22

0	53	6.63215e-22
1	53	3.08564e-20
2	53	1.22334e-18
3	53	4.133e-17
4	53	1.18986e-15
5	53	2.91902e-14
6	53	6.10229e-13
7	53	1.08708e-11
8	53	1.65022e-10
9	53	2.13469e-09
10	53	2.35311e-08
11	53	2.21035e-07
12	53	1.76927e-06
13	53	1.20681e-05
14	53	7.01452e-05
15	53	0.000347432
16	53	0.0014664
17	53	0.00527412
18	53	0.0161644
19	53	0.0422165
20	53	0.0939547
21	53	0.178183
22	53	0.287957
23	53	0.396554
24	53	0.46536
25	53	0.46536
26	53	0.396554
27	53	0.287957
28	53	0.178183
29	53	0.0939547
30	53	0.0422165
31	53	0.0161644
32	53	0.00527412
33	53	0.0014664
34	53	0.000347432
35	53	7.01452e-05
36	53	1.20681e-05
37	53	1.76927e-06
38	53	2.21035e-07
39	53	2.35311e-08
40	53	2.13469e-09
41	53	1.65022e-10
42	53	1.08708e-11
43	53	6.10229e-13
44	53	2.91902e-14
45	53	1.18986e-15
46	53	4.133e-17
47	53	1.22334e-18
48	53	3.08564e-20
49	53	6.63215e-22

0	54	6.88478e-22
1	54	3.20318e-20
2	54	1.26994e-18
3	54	4.29044e-17
4	54	1.23518e-15
5	54	3.03021e-14
6	54	6.33474e-13
7	54	1.12849e-11
8	54	1.71308e-10
9	54	2.21601e-09
10	54	2.44274e-08
11	54	2.29455e-07
12	54	1.83667e-06
13	54	1.25278e-05
14	54	7.28172e-05
15	54	0.000360666
16	54	0.00152226
17	54	0.00547502
18	54	0.0167801
19	54	0.0438247
20	54	0.0975336
21	54	0.184971
22	54	0.298926
23	54	0.411659
24	54	0.483087
25	54	0.483087
26	54	0.411659
27	54	0.298926
28	54	0.184971
29	54	0.0975336
30	54	0.0438247
31	54	0.0167801
32	54	0.00547502
33	54	0.00152226
34	54	0.000360666
35	54	7.28172e-05
36	54	1.25278e-05
37	54	1.83667e-06
38	54	2.29455e-07
39	54	2.44274e-08
40	54	2.21601e-09
41	54	1.71308e-10
42	54	1.12849e-11
43	54	6.33474e-13
44	54	3.03021e-14
45	54	1.23518e-15
46	54	4.29044e-17
47	54	1.26994e-18
48	54	3.20318e-20
49	54	6.88478e-22

0	55	7.14213e-22
1	55	3.32291e-20
2	55	1.31741e-18
3	55	4.45081e-17
4	55	1.28135e-15
5	55	3.14348e-14
6	55	6.57153e-13
7	55	1.17067e-11
8	55	1.77711e-10
9	55	2.29884e-09
10	55	2.53405e-08
11	55	2.38032e-07
12	55	1.90532e-06
13	55	1.29961e-05
14	55	7.55391e-05
15	55	0.000374148
16	55	0.00157916
17	55	0.00567968
18	55	0.0174074
19	55	0.0454628
20	55	0.101179
21	55	0.191885
22	55	0.3101
23	55	0.427047
24	55	0.501145
25	55	0.501145
26	55	0.427047
27	55	0.3101
28	55	0.191885
29	55	0.101179
30	55	0.0454628
31	55	0.0174074
32	55	0.00567968
33	55	0.00157916
34	55	0.000374148
35	55	7.55391e-05
36	55	1.29961e-05
37	55	1.90532e-06
38	55	2.38032e-07
39	55	2.53405e-08
40	55	2.29884e-09
41	55	1.77711e-10
42	55	1.17067e-11
43	55	6.57153e-13
44	55	3.14348e-14
45	55	1.28135e-15
46	55	4.45081e-17
47	55	1.31741e-18
48	55	3.32291e-20
49	55	7.14213e-22

0	56	7.4042e-22
1	56	3.44484e-20
2	56	1.36576e-18
3	56	4.61413e-17
4	56	1.32837e-15
5	56	3.25883e-14
6	56	6.81267e-13
7	56	1.21363e-11
8	56	1.84232e-10
9	56	2.3832e-09
10	56	2.62704e-08
11	56	2.46766e-07
12	56	1.97523e-06
13	56	1.3473e-05
14	56	7.83109e-05
15	56	0.000387877
16	56	0.00163711
17	56	0.00588809
18	56	0.0180461
19	56	0.047131
20	56	0.104892
21	56	0.198926
22	56	0.321479
23	56	0.442717
24	56	0.519534
25	56	0.519534
26	56	0.442717
27	56	0.321479
28	56	0.198926
29	56	0.104892
30	56	0.047131
31	56	0.0180461
32	56	0.00588809
33	56	0.00163711
34	56	0.000387877
35	56	7.83109e-05
36	56	1.3473e-05
37	56	1.97523e-06
38	56	2.46766e-07
39	56	2.62704e-08
40	56	2.3832e-09
41	56	1.84232e-10
42	56	1.21363e-11
43	56	6.81267e-13
44	56	3.25883e-14
45	56	1.32837e-15
46	56	4.61413e-17
47	56	1.36576e-18
48	56	3.44484e-20
49	56	7.4042e-22

0	57	7.671e-22
1	57	3.56897e-20
2	57	1.41497e-18
3	57	4.78039e-17
4	57	1.37624e-15
5	57	3.37625e-14
6	57	7.05815e-13
7	57	1.25736e-11
8	57	1.90871e-10
9	57	2.46907e-09
10	57	2.7217e-08
11	57	2.55658e-07
12	57	2.04641e-06
13	57	1.39585e-05
14	57	8.11327e-05
15	57	0.000401853
16	57	0.0016961
17	57	0.00610026
18	57	0.0186964
19	57	0.0488293
20	57	0.108672
21	57	0.206094
22	57	0.333063
23	57	0.45867
24	57	0.538254
25	57	0.538254
26	57	0.45867
27	57	0.333063
28	57	0.206094
29	57	0.108672
30	57	0.0488293
31	57	0.0186964
32	57	0.00610026
33	57	0.0016961
34	57	0.000401853
35	57	8.11327e-05
36	57	1.39585e-05
37	57	2.04641e-06
38	57	2.55658e-07
39	57	2.7217e-08
40	57	2.46907e-09
41	57	1.90871e-10
42	57	1.25736e-11
43	57	7.05815e-13
44	57	3.37625e-14
45	57	1.37624e-15
46	57	4.78039e-17
47	57	1.41497e-18
48	57	3.56897e-20
49	57	7.671e-22

0	58	7.94252e-22
1	58	3.6953e-20
2	58	1.46505e-18
3	58	4.9496e-17
4	58	1.42495e-15
5	58	3.49576e-14
6	58	7.30798e-13
7	58	1.30186e-11
8	58	1.97627e-10
9	58	2.55647e-09
10	58	2.81804e-08
11	58	2.64707e-07
12	58	2.11884e-06
13	58	1.44525e-05
14	58	8.40045e-05
15	58	0.000416077
16	58	0.00175613
17	58	0.00631618
18	58	0.0193582
19	58	0.0505577
20	58	0.112518
21	58	0.213389
22	58	0.344852
23	58	0.474905
24	58	0.557306
25	58	0.557306
26	58	0.474905
27	58	0.344852
28	58	0.213389
29	58	0.112518
30	58	0.0505577
31	58	0.0193582
32	58	0.00631618
33	58	0.00175613
34	58	0.000416077
35	58	8.40045e-05
36	58	1.44525e-05
37	58	2.11884e-06
38	58	2.64707e-07
39	58	2.81804e-08
40	58	2.55647e-09
41	58	1.97627e-10
42	58	1.30186e-11
43	58	7.30798e-13
44	58	3.49576e-14
45	58	1.42495e-15
46	58	4.9496e-17
47	58	1.46505e-18
48	58	3.6953e-20
49	58	7.94252e-22

0	59	8.21876e-22
1	59	3.82382e-20
2	59	1.51601e-18
3	59	5.12174e-17
4	59	1.47451e-15
5	59	3.61734e-14
6	59	7.56215e-13
7	59	1.34714e-11
8	59	2.045e-10
9	59	2.64538e-09
10	59	2.91605e-08
11	59	2.73914e-07
12	59	2.19254e-06
13	59	1.49552e-05
14	59	8.69261e-05
15	59	0.000430548
16	59	0.00181721
17	59	0.00653586
18	59	0.0200314
19	59	0.0523161
20	59	0.116432
21	59	0.22081
22	59	0.356846
23	59	0.491422
24	59	0.576689
25	59	0.576689
26	59	0.491422
27	59	0.356846
28	59	0.22081
29	59	0.116432
30	59	0.0523161
31	59	0.0200314
32	59	0.00653586
33	59	0.00181721
34	59	0.000430548
35	59	8.69261e-05
36	59	1.49552e-05
37	59	2.19254e-06
38	59	2.73914e-07
39	59	2.91605e-08
40	59	2.64538e-09
41	59	2.045e-10
42	59	1.34714e-11
43	59	7.56215e-13
44	59	3.61734e-14
45	59	1.47451e-15
46	59	5.12174e-17
47	59	1.51601e-18
48	59	3.82382e-20
49	59	8.21876e-22

0	60	8.49973e-22
1	60	3.95454e-20
2	60	1.56783e-18
3	60	5.29683e-17
4	60	1.52492e-15
5	60	3.741e-14
6	60	7.82066e-13
7	60	1.39319e-11
8	60	2.11491e-10
9	60	2.73581e-09
10	60	3.01573e-08
11	60	2.83278e-07
12	60	2.26749e-06
13	60	1.54664e-05
14	60	8.98978e-05
15	60	0.000445267
16	60	0.00187933
17	60	0.00675929
18	60	0.0207162
19	60	0.0541045
20	60	0.120412
21	60	0.228359
22	60	0.369045
23	60	0.508222
24	60	0.596404
25	60	0.596404
26	60	0.508222
27	60	0.369045
28	60	0.228359
29	60	0.120412
30	60	0.0541045
31	60	0.0207162
32	60	0.00675929
33	60	0.00187933
34	60	0.000445267
35	60	8.98978e-05
36	60	1.54664e-05
37	60	2.26749e-06
38	60	2.83278e-07
39	60	3.01573e-08
40	60	2.73581e-09
41	60	2.11491e-10
42	60	1.39319e-11
43	60	7.82066e-13
44	60	3.741e-14
45	60	1.52492e-15
46	60	5.29683e-17
47	60	1.56783e-18
48	60	3.95454e-20
49	60	8.49973e-22

0	61	8.78541e-22
1	61	4.08745e-20
2	61	1.62053e-18
3	61	5.47487e-17
4	61	1.57617e-15
5	61	3.86674e-14
6	61	8.08352e-13
7	61	1.44002e-11
8	61	2.186e-10
9	61	2.82777e-09
10	61	3.1171e-08
11	61	2.92799e-07
12	61	2.3437e-06
13	61	1.59863e-05
14	61	9.29193e-05
15	61	0.000460232
16	61	0.0019425
17	61	0.00698648
18	61	0.0214125
19	61	0.055923
20	61	0.124459
21	61	0.236034
22	61	0.381449
23	61	0.525304
24	61	0.616449
25	61	0.616449
26	61	0.525304
27	61	0.381449
28	61	0.236034
29	61	0.124459
30	61	0.055923
31	61	0.0214125
32	61	0.00698648
33	61	0.0019425
34	61	0.000460232
35	61	9.29193e-05
36	61	1.59863e-05
37	61	2.3437e-06
38	61	2.92799e-07
39	61	3.1171e-08
40	61	2.82777e-09
41	61	2.186e-10
42	61	1.44002e-11
43	61	8.08352e-13
44	61	3.86674e-14
45	61	1.57617e-15
46	61	5.47487e-17
47	61	1.62053e-18
48	61	4.08745e-20
49	61	8.78541e-22

0	62	9.07582e-22
1	62	4.22257e-20
2	62	1.6741e-18
3	62	5.65584e-17
4	62	1.62827e-15
5	62	3.99456e-14
6	62	8.35073e-13
7	62	1.48762e-11
8	62	2.25825e-10
9	62	2.92124e-09
10	62	3.22013e-08
11	62	3.02478e-07
12	62	2.42117e-06
13	62	1.65147e-05
14	62	9.59908e-05
15	62	0.000475446
16	62	0.00200671
17	62	0.00721742
18	62	0.0221203
19	62	0.0577716
20	62	0.128573
21	62	0.243836
22	62	0.394058
23	62	0.542668
24	62	0.636826
25	62	0.636826
26	62	0.542668
27	62	0.394058
28	62	0.243836
29	62	0.128573
30	62	0.0577716
31	62	0.0221203
32	62	0.00721742
33	62	0.00200671
34	62	0.000475446
35	62	9.59908e-05
36	62	1.65147e-05
37	62	2.42117e-06
38	62	3.02478e-07
39	62	3.22013e-08
40	62	2.92124e-09
41	62	2.25825e-10
42	62	1.48762e-11
43	62	8.35073e-13
44	62	3.99456e-14
45	62	1.62827e-15
46	62	5.65584e-17
47	62	1.6741e-18
48	62	4.22257e-20
49	62	9.07582e-22

0	63	9.37095e-22
1	63	4.35988e-20
2	63	1.72854e-18
3	63	5.83976e-17
4	63	1.68122e-15
5	63	4.12445e-14
6	63	8.62228e-13
7	63	1.536e-11
8	63	2.33169e-10
9	63	3.01623e-09
10	63	3.32485e-08
11	63	3.12314e-07
12	63	2.49991e-06
13	63	1.70518e-05
14	63	9.91123e-05
15	63	0.000490906
16	63	0.00207197
17	63	0.00745211
18	63	0.0228396
19	63	0.0596502
20	63	0.132754
21	63	0.251765
22	63	0.406872
23	63	0.560314
24	63	0.657535
25	63	0.657535
26	63	0.560314
27	63	0.406872
28	63	0.251765
29	63	0.132754
30	63	0.0596502
31	63	0.0228396
32	63	0.00745211
33	63	0.00207197
34	63	0.000490906
35	63	9.91123e-05
36	63	1.70518e-05
37	63	2.49991e-06
38	63	3.12314e-07
39	63	3.32485e-08
40	63	3.01623e-09
41	63	2.33169e-10
42	63	1.536e-11
43	63	8.62228e-13
44	63	4.12445e-14
45	63	1.68122e-15
46	63	5.83976e-17
47	63	1.72854e-18
48	63	4.35988e-20
49	63	9.37095e-22

0	64	9.6708e-22
1	64	4.49939e-20
2	64	1.78384e-18
3	64	6.02662e-17
4	64	1.73502e-15
5	64	4.25643e-14
6	64	8.89818e-13
7	64	1.58514e-11
8	64	2.4063e-10
9	64	3.11275e-09
10	64	3.43124e-08
11	64	3.22307e-07
12	64	2.5799e-06
13	64	1.75974e-05
14	64	0.000102284
15	64	0.000506614
16	64	0.00213826
17	64	0.00769057
18	64	0.0235705
19	64	0.0615589
20	64	0.137002
21	64	0.259821
22	64	0.419891
23	64	0.578243
24	64	0.678575
25	64	0.678575
26	64	0.578243
27	64	0.419891
28	64	0.259821
29	64	0.137002
30	64	0.0615589
31	64	0.0235705
32	64	0.00769057
33	64	0.00213826
34	64	0.000506614
35	64	0.000102284
36	64	1.75974e-05
37	64	2.5799e-06
38	64	3.22307e-07
39	64	3.43124e-08
40	64	3.11275e-09
41	64	2.4063e-10
42	64	1.58514e-11
43	64	8.89818e-13
44	64	4.25643e-14
45	64	1.73502e-15
46	64	6.02662e-17
47	64	1.78384e-18
48	64	4.49939e-20
49	64	9.6708e-22

0	65	9.97537e-22
1	65	4.64109e-20
2	65	1.84003e-18
3	65	6.21642e-17
4	65	1.78966e-15
5	65	4.39048e-14
6	65	9.17842e-13
7	65	1.63507e-11
8	65	2.48208e-10
9	65	3.21078e-09
10	65	3.5393e-08
11	65	3.32458e-07
12	65	2.66115e-06
13	65	1.81516e-05
14	65	0.000105505
15	65	0.00052257
16	65	0.00220561
17	65	0.00793278
18	65	0.0243128
19	65	0.0634977
20	65	0.141317
21	65	0.268004
22	65	0.433115
23	65	0.596455
24	65	0.699946
25	65	0.699946
26	65	0.596455
27	65	0.433115
28	65	0.268004
29	65	0.141317
30	65	0.0634977
31	65	0.0243128
32	65	0.00793278
33	65	0.00220561
34	65	0.00052257
35	65	0.000105505
36	65	1.81516e-05
37	65	2.66115e-06
38	65	3.32458e-07
39	65	3.5393e-08
40	65	3.21078e-09
41	65	2.48208e-10
42	65	1.63507e-11
43	65	9.17842e-13
44	65	4.39048e-14
45	65	1.78966e-15
46	65	6.21642e-17
47	65	1.84003e-18
48	65	4.64109e-20
49	65	9.97537e-22

0	66	1.02847e-21
1	66	4.78499e-20
2	66	1.89708e-18
3	66	6.40917e-17
4	66	1.84515e-15
5	66	4.52661e-14
6	66	9.463e-13
7	66	1.68576e-11
8	66	2.55904e-10
9	66	3.31033e-09
10	66	3.64904e-08
11	66	3.42766e-07
12	66	2.74366e-06
13	66	1.87144e-05
14	66	0.000108776
15	66	0.000538772
16	66	0.00227399
17	66	0.00817874
18	66	0.0250666
19	66	0.0654665
20	66	0.145698
21	66	0.276314
22	66	0.446544
23	66	0.614948
24	66	0.721648
25	66	0.721648
26	66	0.614948
27	66	0.446544
28	66	0.276314
29	66	0.145698
30	66	0.0654665
31	66	0.0250666
32	66	0.00817874
33	66	0.00227399
34	66	0.000538772
35	66	0.000108776
36	66	1.87144e-05
37	66	2.74366e-06
38	66	3.42766e-07
39	66	3.64904e-08
40	66	3.31033e-09
41	66	2.55904e-10
42	66	1.68576e-11
43	66	9.463e-13
44	66	4.52661e-14
45	66	1.84515e-15
46	66	6.40917e-17
47	66	1.89708e-18
48	66	4.78499e-20
49	66	1.02847e-21

0	67	1.05987e-21
1	67	4.93109e-20
2	67	1.955e-18
3	67	6.60486e-17
4	67	1.90149e-15
5	67	4.66482e-14
6	67	9.75193e-13
7	67	1.73723e-11
8	67	2.63718e-10
9	67	3.41141e-09
10	67	3.76045e-08
11	67	3.53232e-07
12	67	2.82743e-06
13	67	1.92858e-05
14	67	0.000112098
15	67	0.000555223
16	67	0.00234342
17	67	0.00842846
18	67	0.025832
19	67	0.0674653
20	67	0.150147
21	67	0.284751
22	67	0.460178
23	67	0.633724
24	67	0.743682
25	67	0.743682
26	67	0.633724
27	67	0.460178
28	67	0.284751
29	67	0.150147
30	67	0.0674653
31	67	0.025832
32	67	0.00842846
33	67	0.00234342
34	67	0.000555223
35	67	0.000112098
36	67	1.92858e-05
37	67	2.82743e-06
38	67	3.53232e-07
39	67	3.76045e-08
40	67	3.41141e-09
41	67	2.63718e-10
42	67	1.73723e-11
43	67	9.75193e-13
44	67	4.66482e-14
45	67	1.90149e-15
46	67	6.60486e-17
47	67	1.955e-18
48	67	4.93109e-20
49	67	1.05987e-21

0	68	1.09174e-21
1	68	5.07938e-20
2	68	2.01379e-18
3	68	6.80349e-17
4	68	1.95867e-15
5	68	4.80511e-14
6	68	1.00452e-12
7	68	1.78948e-11
8	68	2.71649e-10
9	68	3.514e-09
10	68	3.87354e-08
11	68	3.63855e-07
12	68	2.91246e-06
13	68	1.98658e-05
14	68	0.000115469
15	68	0.00057192
16	68	0.0024139
17	68	0.00868193
18	68	0.0266088
19	68	0.0694942
20	68	0.154662
21	68	0.293314
22	68	0.474017
23	68	0.652782
24	68	0.766047
25	68	0.766047
26	68	0.652782
27	68	0.474017
28	68	0.293314
29	68	0.154662
30	68	0.0694942
31	68	0.0266088
32	68	0.00868193
33	68	0.0024139
34	68	0.00057192
35	68	0.000115469
36	68	1.98658e-05
37	68	2.91246e-06
38	68	3.63855e-07
39	68	3.87354e-08
40	68	3.514e-09
41	68	2.71649e-10
42	68	1.78948e-11
43	68	1.00452e-12
44	68	4.80511e-14
45	68	1.95867e-15
46	68	6.80349e-17
47	68	2.01379e-18
48	68	5.07938e-20
49	68	1.09174e-21

0	69	1.12409e-21
1	69	5.22988e-20
2	69	2.07346e-18
3	69	7.00506e-17
4	69	2.0167e-15
5	69	4.94748e-14
6	69	1.03428e-12
7	69	1.8425e-11
8	69	2.79697e-10
9	69	3.61811e-09
10	69	3.98831e-08
11	69	3.74635e-07
12	69	2.99875e-06
13	69	2.04544e-05
14	69	0.00011889
15	69	0.000588865
16	69	0.00248542
17	69	0.00893916
18	69	0.0273972
19	69	0.0715532
20	69	0.159245
21	69	0.302004
22	69	0.488061
23	69	0.672123
24	69	0.788744
25	69	0.788744
26	69	0.672123
27	69	0.488061
28	69	0.302004
29	69	0.159245
30	69	0.0715532
31	69	0.0273972
32	69	0.00893916
33	69	0.00248542
34	69	0.000588865
35	69	0.00011889
36	69	2.04544e-05
37	69	2.99875e-06
38	69	3.74635e-07
39	69	3.98831e-08
40	69	3.61811e-09
41	69	2.79697e-10
42	69	1.8425e-11
43	69	1.03428e-12
44	69	4.94748e-14
45	69	2.0167e-15
46	69	7.00506e-17
47	69	2.07346e-18
48	69	5.22988e-20
49	69	1.12409e-21

0	70	1.15691e-21
1	70	5.38257e-20
2	70	2.13399e-18
3	70	7.20958e-17
4	70	2.07558e-15
5	70	5.09192e-14
6	70	1.06448e-12
7	70	1.89629e-11
8	70	2.87863e-10
9	70	3.72375e-09
10	70	4.10475e-08
11	70	3.85573e-07
12	70	3.0863e-06
13	70	2.10516e-05
14	70	0.000122361
15	70	0.000606057
16	70	0.00255798
17	70	0.00920014
18	70	0.0281971
19	70	0.0736422
20	70	0.163894
21	70	0.310822
22	70	0.502311
23	70	0.691746
24	70	0.811772
25	70	0.811772
26	70	0.691746
27	70	0.502311
28	70	0.310822
29	70	0.163894
30	70	0.0736422
31	70	0.0281971
32	70	0.00920014
33	70	0.00255798
34	70	0.000606057
35	70	0.000122361
36	70	2.10516e-05
37	70	3.0863e-06
38	70	3.85573e-07
39	70	4.10475e-08
40	70	3.72375e-09
41	70	2.87863e-10
42	70	1.89629e-11
43	70	1.06448e-12
44	70	5.09192e-14
45	70	2.07558e-15
46	70	7.20958e-17
47	70	2.13399e-18
48	70	5.38257e-20
49	70	1.15691e-21

0	71	1.1902e-21
1	71	5.53745e-20
2	71	2.1954e-18
3	71	7.41704e-17
4	71	2.13531e-15
5	71	5.23844e-14
6	71	1.09511e-12
7	71	1.95086e-11
8	71	2.96146e-10
9	71	3.8309e-09
10	71	4.22287e-08
11	71	3.96668e-07
12	71	3.17511e-06
13	71	2.16573e-05
14	71	0.000125882
15	71	0.000623497
16	71	0.00263159
17	71	0.00946488
18	71	0.0290085
19	71	0.0757613
20	71	0.16861
21	71	0.319766
22	71	0.516765
23	71	0.711652
24	71	0.835131
25	71	0.835131
26	71	0.711652
27	71	0.516765
28	71	0.319766
29	71	0.16861
30	71	0.0757613
31	71	0.0290085
32	71	0.00946488
33	71	0.00263159
34	71	0.000623497
35	71	0.000125882
36	71	2.16573e-05
37	71	3.17511e-06
38	71	3.96668e-07
39	71	4.22287e-08
40	71	3.8309e-09
41	71	2.96146e-10
42	71	1.95086e-11
43	71	1.09511e-12
44	71	5.23844e-14
45	71	2.13531e-15
46	71	7.41704e-17
47	71	2.1954e-18
48	71	5.53745e-20
49	71	1.1902e-21

0	72	1.22396e-21
1	72	5.69454e-20
2	72	2.25768e-18
3	72	7.62744e-17
4	72	2.19588e-15
5	72	5.38704e-14
6	72	1.12618e-12
7	72	2.0062e-11
8	72	3.04547e-10
9	72	3.93957e-09
10	72	4.34266e-08
11	72	4.0792e-07
12	72	3.26518e-06
13	72	2.22717e-05
14	72	0.000129453
15	72	0.000641184
16	72	0.00270624
17	72	0.00973338
18	72	0.0298314
19	72	0.0779105
20	72	0.173393
21	72	0.328837
22	72	0.531424
23	72	0.731839
24	72	0.858821
25	72	0.858821
26	72	0.731839
27	72	0.531424
28	72	0.328837
29	72	0.173393
30	72	0.0779105
31	72	0.0298314
32	72	0.00973338
33	72	0.00270624
34	72	0.000641184
35	72	0.000129453
36	72	2.22717e-05
37	72	3.26518e-06
38	72	4.0792e-07
39	72	4.34266e-08
40	72	3.93957e-09
41	72	3.04547e-10
42	72	2.0062e-11
43	72	1.12618e-12
44	72	5.38704e-14
45	72	2.19588e-15
46	72	7.62744e-17
47	72	2.25768e-18
48	72	5.69454e-20
49	72	1.22396e-21

0	73	1.2582e-21
1	73	5.85382e-20
2	73	2.32083e-18
3	73	7.84079e-17
4	73	2.2573e-15
5	73	5.53772e-14
6	73	1.15768e-12
7	73	2.06231e-11
8	73	3.13066e-10
9	73	4.04976e-09
10	73	4.46412e-08
11	73	4.1933e-07
12	73	3.35651e-06
13	73	2.28946e-05
14	73	0.000133074
15	73	0.000659118
16	73	0.00278194
17	73	0.0100056
18	73	0.0306658
19	73	0.0800897
20	73	0.178243
21	73	0.338034
22	73	0.546289
23	73	0.752309
24	73	0.882843
25	73	0.882843
26	73	0.752309
27	73	0.546289
28	73	0.338034
29	73	0.178243
30	73	0.0800897
31	73	0.0306658
32	73	0.0100056
33	73	0.00278194
34	73	0.000659118
35	73	0.000133074
36	73	2.28946e-05
37	73	3.35651e-06
38	73	4.1933e-07
39	73	4.46412e-08
40	73	4.04976e-09
41	73	3.13066e-10
42	73	2.06231e-11
43	73	1.15768e-12
44	73	5.53772e-14
45	73	2.2573e-15
46	73	7.84079e-17
47	73	2.32083e-18
48	73	5.85382e-20
49	73	1.2582e-21

0	74	1.2929e-21
1	74	6.01529e-20
2	74	2.38485e-18
3	74	8.05707e-17
4	74	2.31957e-15
5	74	5.69048e-14
6	74	1.18961e-12
7	74	2.1192e-11
8	74	3.21701e-10
9	74	4.16148e-09
10	74	4.58727e-08
11	74	4.30897e-07
12	74	3.4491e-06
13	74	2.35262e-05
14	74	0.000136744
15	74	0.0006773
16	74	0.00285868
17	74	0.0102816
18	74	0.0315117
19	74	0.082299
20	74	0.18316
21	74	0.347359
22	74	0.561358
23	74	0.773062
24	74	0.907196
25	74	0.907196
26	74	0.773062
27	74	0.561358
28	74	0.347359
29	74	0.18316
30	74	0.082299
31	74	0.0315117
32	74	0.0102816
33	74	0.00285868
34	74	0.0006773
35	74	0.000136744
36	74	2.35262e-05
37	74	3.4491e-06
38	74	4.30897e-07
39	74	4.58727e-08
40	74	4.16148e-09
41	74	3.21701e-10
42	74	2.1192e-11
43	74	1.18961e-12
44	74	5.69048e-14
45	74	2.31957e-15
46	74	8.05707e-17
47	74	2.38485e-18
48	74	6.01529e-20
49	74	1.2929e-21

0	75	1.32808e-21
1	75	6.17897e-20
2	75	2.44974e-18
3	75	8.2763e-17
4	75	2.38268e-15
5	75	5.84532e-14
6	75	1.22198e-12
7	75	2.17686e-11
8	75	3.30455e-10
9	75	4.27471e-09
10	75	4.71208e-08
11	75	4.42622e-07
12	75	3.54295e-06
13	75	2.41663e-05
14	75	0.000140465
15	75	0.000695729
16	75	0.00293646
17	75	0.0105614
18	75	0.0323691
19	75	0.0845383
20	75	0.188143
21	75	0.35681
22	75	0.576632
23	75	0.794096
24	75	0.931881
25	75	0.931881
26	75	0.794096
27	75	0.576632
28	75	0.35681
29	75	0.188143
30	75	0.0845383
31	75	0.0323691
32	75	0.0105614
33	75	0.00293646
34	75	0.000695729
35	75	0.000140465
36	75	2.41663e-05
37	75	3.54295e-06
38	75	4.42622e-07
39	75	4.71208e-08
40	75	4.27471e-09
41	75	3.30455e-10
42	75	2.17686e-11
43	75	1.22198e-12
44	75	5.84532e-14
45	75	2.38268e-15
46	75	8.2763e-17
47	75	2.44974e-18
48	75	6.17897e-20
49	75	1.32808e-21

0	76	1.36373e-21
1	76	6.34484e-20
2	76	2.5155e-18
3	76	8.49848e-17
4	76	2.44664e-15
5	76	6.00223e-14
6	76	1.25478e-12
7	76	2.2353e-11
8	76	3.39326e-10
9	76	4.38946e-09
10	76	4.83858e-08
11	76	4.54504e-07
12	76	3.63806e-06
13	76	2.48151e-05
14	76	0.000144236
15	76	0.000714405
16	76	0.00301529
17	76	0.0108449
18	76	0.033238
19	76	0.0868077
20	76	0.193194
21	76	0.366389
22	76	0.592112
23	76	0.815413
24	76	0.956896
25	76	0.956896
26	76	0.815413
27	76	0.592112
28	76	0.366389
29	76	0.193194
30	76	0.0868077
31	76	0.033238
32	76	0.0108449
33	76	0.00301529
34	76	0.000714405
35	76	0.000144236
36	76	2.48151e-05
37	76	3.63806e-06
38	76	4.54504e-07
39	76	4.83858e-08
40	76	4.38946e-09
41	76	3.39326e-10
42	76	2.2353e-11
43	76	1.25478e-12
44	76	6.00223e-14
45	76	2.44664e-15
46	76	8.49848e-17
47	76	2.5155e-18
48	76	6.34484e-20
49	76	1.36373e-21

0	77	1.39595e-21
1	77	6.4947e-20
2	77	2.57492e-18
3	77	8.69921e-17
4	77	2.50443e-15
5	77	6.144e-14
6	77	1.28442e-12
7	77	2.2881e-11
8	77	3.47341e-10
9	77	4.49314e-09
10	77	4.95287e-08
11	77	4.65239e-07
12	77	3.72399e-06
13	77	2.54012e-05
14	77	0.000147643
15	77	0.00073128
16	77	0.00308651
17	77	0.0111011
18	77	0.0340231
19	77	0.0888581
20	77	0.197757
21	77	0.375043
22	77	0.606097
23	77	0.834674
24	77	0.979499
25	77	0.979499
26	77	0.834674
27	77	0.606097
28	77	0.375043
29	77	0.197757
30	77	0.0888581
31	77	0.0340231
32	77	0.0111011
33	77	0.00308651
34	77	0.00073128
35	77	0.000147643
36	77	2.54012e-05
37	77	3.72399e-06
38	77	4.65239e-07
39	77	4.95287e-08
40	77	4.49314e-09
41	77	3.47341e-10
42	77	2.2881e-11
43	77	1.28442e-12
44	77	6.144e-14
45	77	2.50443e-15
46	77	8.69921e-17
47	77	2.57492e-18
48	77	6.4947e-20
49	77	1.39595e-21

0	78	1.22708e-21
1	78	5.70907e-20
2	78	2.26344e-18
3	78	7.6469e-17
4	78	2.20148e-15
5	78	5.40079e-14
6	78	1.12905e-12
7	78	2.01132e-11
8	78	3.05324e-10
9	78	3.94962e-09
10	78	4.35374e-08
11	78	4.08961e-07
12	78	3.27352e-06
13	78	2.23285e-05
14	78	0.000129783
15	78	0.00064282
16	78	0.00271315
17	78	0.00975821
18	78	0.0299075
19	78	0.0781093
20	78	0.173835
21	78	0.329676
22	78	0.53278
23	78	0.733707
24	78	0.861013
25	78	0.861013
26	78	0.733707
27	78	0.53278
28	78	0.329676
29	78	0.173835
30	78	0.0781093
31	78	0.0299075
32	78	0.00975821
33	78	0.00271315
34	78	0.00064282
35	78	0.000129783
36	78	2.23285e-05
37	78	3.27352e-06
38	78	4.08961e-07
39	78	4.35374e-08
40	78	3.94962e-09
41	78	3.05324e-10
42	78	2.01132e-11
43	78	1.12905e-12
44	78	5.40079e-14
45	78	2.20148e-15
46	78	7.6469e-17
47	78	2.26344e-18
48	78	5.70907e-20
49	78	1.22708e-21

0	79	8.63714e-22
1	79	4.01847e-20
2	79	1.59318e-18
3	79	5.38247e-17
4	79	1.54957e-15
5	79	3.80148e-14
6	79	7.9471e-13
7	79	1.41572e-11
8	79	2.1491e-10
9	79	2.78004e-09
10	79	3.06449e-08
11	79	2.87858e-07
12	79	2.30415e-06
13	79	1.57165e-05
14	79	9.13511e-05
15	79	0.000452465
16	79	0.00190972
17	79	0.00686856
18	79	0.0210511
19	79	0.0549792
20	79	0.122358
21	79	0.232051
22	79	0.375011
23	79	0.516438
24	79	0.606046
25	79	0.606046
26	79	0.516438
27	79	0.375011
28	79	0.232051
29	79	0.122358
30	79	0.0549792
31	79	0.0210511
32	79	0.00686856
33	79	0.00190972
34	79	0.000452465
35	79	9.13511e-05
36	79	1.57165e-05
37	79	2.30415e-06
38	79	2.87858e-07
39	79	3.06449e-08
40	79	2.78004e-09
41	79	2.1491e-10
42	79	1.41572e-11
43	79	7.9471e-13
44	79	3.80148e-14
45	79	1.54957e-15
46	79	5.38247e-17
47	79	1.59318e-18
48	79	4.01847e-20
49	79	8.63714e-22

0	80	4.86806e-22
1	80	2.26489e-20
2	80	8.97947e-19
3	80	3.03366e-17
4	80	8.73367e-16
5	80	2.14259e-14
6	80	4.47914e-13
7	80	7.97925e-12
8	80	1.21128e-10
9	80	1.56689e-09
10	80	1.72721e-08
11	80	1.62242e-07
12	80	1.29866e-06
13	80	8.85812e-06
14	80	5.14873e-05
15	80	0.000255018
16	80	0.00107635
17	80	0.00387126
18	80	0.0118648
19	80	0.0309873
20	80	0.0689636
21	80	0.130788
22	80	0.211363
23	80	0.291074
24	80	0.341579
25	80	0.341579
26	80	0.291074
27	80	0.211363
28	80	0.130788
29	80	0.0689636
30	80	0.0309873
31	80	0.0118648
32	80	0.00387126
33	80	0.00107635
34	80	0.000255018
35	80	5.14873e-05
36	80	8.85812e-06
37	80	1.29866e-06
38	80	1.62242e-07
39	80	1.72721e-08
40	80	1.56689e-09
41	80	1.21128e-10
42	80	7.97925e-12
43	80	4.47914e-13
44	80	2.14259e-14
45	80	8.73367e-16
46	80	3.03366e-17
47	80	8.97947e-19
48	80	2.26489e-20
49	80	4.86806e-22

0	81	2.19701e-22
1	81	1.02217e-20
2	81	4.05253e-19
3	81	1.36913e-17
4	81	3.94161e-16
5	81	9.66974e-15
6	81	2.02149e-13
7	81	3.60113e-12
8	81	5.46662e-11
9	81	7.07153e-10
10	81	7.79507e-09
11	81	7.32217e-08
12	81	5.86101e-07
13	81	3.99777e-06
14	81	2.32368e-05
15	81	0.000115093
16	81	0.00048577
17	81	0.00174714
18	81	0.00535473
19	81	0.0139849
20	81	0.031124
21	81	0.0590262
22	81	0.0953907
23	81	0.131365
24	81	0.154158
25	81	0.154158
26	81	0.131365
27	81	0.0953907
28	81	0.0590262
29	81	0.031124
30	81	0.0139849
31	81	0.00535473
32	81	0.00174714
33	81	0.00048577
34	81	0.000115093
35	81	2.32368e-05
36	81	3.99777e-06
37	81	5.86101e-07
38	81	7.32217e-08
39	81	7.79507e-09
40	81	7.07153e-10
41	81	5.46662e-11
42	81	3.60113e-12
43	81	2.02149e-13
44	81	9.66974e-15
45	81	3.94161e-16
46	81	1.36913e-17
47	81	4.05253e-19
48	81	1.02217e-20
49	81	2.19701e-22

0	82	7.93959e-23
1	82	3.69393e-21
2	82	1.46451e-19
3	82	4.94777e-18
4	82	1.42442e-16
5	82	3.49447e-15
6	82	7.30528e-14
7	82	1.30138e-12
8	82	1.97554e-11
9	82	2.55552e-10
10	82	2.817e-09
11	82	2.6461e-08
12	82	2.11806e-07
13	82	1.44472e-06
14	82	8.39735e-06
15	82	4.15923e-05
16	82	0.000175548
17	82	0.000631385
18	82	0.0019351
19	82	0.0050539
20	82	0.0112477
21	82	0.021331
22	82	0.0344724
23	82	0.047473
24	82	0.05571
25	82	0.05571
26	82	0.047473
27	82	0.0344724
28	82	0.021331
29	82	0.0112477
30	82	0.0050539
31	82	0.0019351
32	82	0.000631385
33	82	0.000175548
34	82	4.15923e-05
35	82	8.39735e-06
36	82	1.44472e-06
37	82	2.11806e-07
38	82	2.6461e-08
39	82	2.817e-09
40	82	2.55552e-10
41	82	1.97554e-11
42	82	1.30138e-12
43	82	7.30528e-14
44	82	3.49447e-15
45	82	1.42442e-16
46	82	4.94777e-18
47	82	1.46451e-19
48	82	3.69393e-21
49	82	7.93959e-23

0	83	2.29749e-23
1	83	1.06892e-21
2	83	4.23789e-20
3	83	1.43175e-18
4	83	4.12188e-17
5	83	1.0112e-15
6	83	2.11394e-14
7	83	3.76583e-13
8	83	5.71665e-12
9	83	7.39496e-11
10	83	8.1516e-10
11	83	7.65706e-09
12	83	6.12907e-08
13	83	4.18061e-07
14	83	2.42996e-06
15	83	1.20357e-05
16	83	5.07988e-05
17	83	0.000182705
18	83	0.000559964
19	83	0.00146246
20	83	0.00325476
21	83	0.00617259
22	83	0.00997536
23	83	0.0137373
24	83	0.0161209
25	83	0.0161209
26	83	0.0137373
27	83	0.00997536
28	83	0.00617259
29	83	0.00325476
30	83	0.00146246
31	83	0.000559964
32	83	0.000182705
33	83	5.07988e-05
34	83	1.20357e-05
35	83	2.42996e-06
36	83	4.18061e-07
37	83	6.12907e-08
38	83	7.65706e-09
39	83	8.1516e-10
40	83	7.39496e-11
41	83	5.71665e-12
42	83	3.76583e-13
43	83	2.11394e-14
44	83	1.0112e-15
45	83	4.12188e-17
46	83	1.43175e-18
47	83	4.23789e-20
48	83	1.06892e-21
49	83	2.29749e-23

0	84	5.32354e-24
1	84	2.4768e-22
2	84	9.81963e-21
3	84	3.31751e-19
4	84	9.55084e-18
5	84	2.34306e-16
6	84	4.89823e-15
7	84	8.72583e-14
8	84	1.32461e-12
9	84	1.71349e-11
10	84	1.88881e-10
11	84	1.77422e-09
12	84	1.42017e-08
13	84	9.68693e-08
14	84	5.63047e-07
15	84	2.78879e-06
16	84	1.17706e-05
17	84	4.23347e-05
18	84	0.00012975
19	84	0.000338867
20	84	0.000754162
21	84	0.00143025
22	84	0.0023114
23	84	0.00318309
24	84	0.00373539
25	84	0.00373539
26	84	0.00318309
27	84	0.0023114
28	84	0.00143025
29	84	0.000754162
30	84	0.000338867
31	84	0.00012975
32	84	4.23347e-05
33	84	1.17706e-05
34	84	2.78879e-06
35	84	5.63047e-07
36	84	9.68693e-08
37	84	1.42017e-08
38	84	1.77422e-09
39	84	1.88881e-10
40	84	1.71349e-11
41	84	1.32461e-12
42	84	8.72583e-14
43	84	4.89823e-15
44	84	2.34306e-16
45	84	9.55084e-18
46	84	3.31751e-19
47	84	9.81963e-21
48	84	2.4768e-22
49	84	5.32354e-24

0	85	9.87727e-25
1	85	4.59545e-23
2	85	1.82193e-21
3	85	6.15529e-20
4	85	1.77206e-18
5	85	4.34731e-17
6	85	9.08816e-16
7	85	1.61899e-14
8	85	2.45767e-13
9	85	3.17921e-12
10	85	3.50449e-11
11	85	3.29189e-10
12	85	2.63498e-09
13	85	1.79731e-08
14	85	1.04467e-07
15	85	5.17431e-07
16	85	2.18392e-06
17	85	7.85476e-06
18	85	2.40737e-05
19	85	6.28732e-05
20	85	0.000139927
21	85	0.000265369
22	85	0.000428856
23	85	0.000590589
24	85	0.000693063
25	85	0.000693063
26	85	0.000590589
27	85	0.000428856
28	85	0.000265369
29	85	0.000139927
30	85	6.28732e-05
31	85	2.40737e-05
32	85	7.85476e-06
33	85	2.18392e-06
34	85	5.17431e-07
35	85	1.04467e-07
36	85	1.79731e-08
37	85	2.63498e-09
38	85	3.29189e-10
39	85	3.50449e-11
40	85	3.17921e-12
41	85	2.45767e-13
42	85	1.61899e-14
43	85	9.08816e-16
44	85	4.34731e-17
45	85	1.77206e-18
46	85	6.15529e-20
47	85	1.82193e-21
48	85	4.59545e-23
49	85	9.87727e-25

0	86	1.46745e-25
1	86	6.82739e-24
2	86	2.70682e-22
3	86	9.14482e-21
4	86	2.63272e-19
5	86	6.45873e-18
6	86	1.35021e-16
7	86	2.40531e-15
8	86	3.65133e-14
9	86	4.7233e-13
10	86	5.20657e-12
11	86	4.89071e-11
12	86	3.91475e-10
13	86	2.67024e-09
14	86	1.55206e-08
15	86	7.68739e-08
16	86	3.24461e-07
17	86	1.16697e-06
18	86	3.57659e-06
19	86	9.34098e-06
20	86	2.07887e-05
21	86	3.94254e-05
22	86	6.37144e-05
23	86	8.77429e-05
24	86	0.000102967
25	86	0.000102967
26	86	8.77429e-05
27	86	6.37144e-05
28	86	3.94254e-05
29	86	2.07887e-05
30	86	9.34098e-06
31	86	3.57659e-06
32	86	1.16697e-06
33	86	3.24461e-07
34	86	7.68739e-08
35	86	1.55206e-08
36	86	2.67024e-09
37	86	3.91475e-10
38	86	4.89071e-11
39	86	5.20657e-12
40	86	4.7233e-13
41	86	3.65133e-14
42	86	2.40531e-15
43	86	1.35021e-16
44	86	6.45873e-18
45	86	2.63272e-19
46	86	9.14482e-21
47	86	2.70682e-22
48	86	6.82739e-24
49	86	1.46745e-25

0	87	1.74574e-26
1	87	8.12216e-25
2	87	3.22014e-23
3	87	1.08791e-21
4	87	3.132e-20
5	87	7.68358e-19
6	87	1.60627e-17
7	87	2.86145e-16
8	87	4.34378e-15
9	87	5.61904e-14
10	87	6.19396e-13
11	87	5.81819e-12
12	87	4.65715e-11
13	87	3.17663e-10
14	87	1.84639e-09
15	87	9.14525e-09
16	87	3.85993e-08
17	87	1.38828e-07
18	87	4.25487e-07
19	87	1.11124e-06
20	87	2.47312e-06
21	87	4.69022e-06
22	87	7.57974e-06
23	87	1.04383e-05
24	87	1.22494e-05
25	87	1.22494e-05
26	87	1.04383e-05
27	87	7.57974e-06
28	87	4.69022e-06
29	87	2.47312e-06
30	87	1.11124e-06
31	87	4.25487e-07
32	87	1.38828e-07
33	87	3.85993e-08
34	87	9.14525e-09
35	87	1.84639e-09
36	87	3.17663e-10
37	87	4.65715e-11
38	87	5.81819e-12
39	87	6.19396e-13
40	87	5.61904e-14
41	87	4.34378e-15
42	87	2.86145e-16
43	87	1.60627e-17
44	87	7.68358e-19
45	87	3.132e-20
46	87	1.08791e-21
47	87	3.22014e-23
48	87	8.12216e-25
49	87	1.74574e-26

0	88	1.66298e-27
1	88	7.7371e-26
2	88	3.06748e-24
3	88	1.03633e-22
4	88	2.98352e-21
5	88	7.31932e-20
6	88	1.53012e-18
7	88	2.7258e-17
8	88	4.13785e-16
9	88	5.35265e-15
10	88	5.90032e-14
11	88	5.54237e-13
12	88	4.43637e-12
13	88	3.02603e-11
14	88	1.75886e-10
15	88	8.71169e-10
16	88	3.67694e-09
17	88	1.32246e-08
18	88	4.05316e-08
19	88	1.05856e-07
20	88	2.35587e-07
21	88	4.46787e-07
22	88	7.2204e-07
23	88	9.94342e-07
24	88	1.16687e-06
25	88	1.16687e-06
26	88	9.94342e-07
27	88	7.2204e-07
28	88	4.46787e-07
29	88	2.35587e-07
30	88	1.05856e-07
31	88	4.05316e-08
32	88	1.32246e-08
33	88	3.67694e-09
34	88	8.71169e-10
35	88	1.75886e-10
36	88	3.02603e-11
37	88	4.43637e-12
38	88	5.54237e-13
39	88	5.90032e-14
40	88	5.35265e-15
41	88	4.13785e-16
42	88	2.7258e-17
43	88	1.53012e-18
44	88	7.31932e-20
45	88	2.98352e-21
46	88	1.03633e-22
47	88	3.06748e-24
48	88	7.7371e-26
49	88	1.66298e-27

0	89	1.26848e-28
1	89	5.90166e-27
2	89	2.3398e-25
3	89	7.90487e-24
4	89	2.27575e-22
5	89	5.58298e-21
6	89	1.16714e-19
7	89	2.07917e-18
8	89	3.15624e-17
9	89	4.08286e-16
10	89	4.50061e-15
11	89	4.22757e-14
12	89	3.38395e-13
13	89	2.30818e-12
14	89	1.34161e-11
15	89	6.64505e-11
16	89	2.80467e-10
17	89	1.00874e-09
18	89	3.09164e-09
19	89	8.07443e-09
20	89	1.797e-08
21	89	3.40797e-08
22	89	5.50754e-08
23	89	7.58458e-08
24	89	8.90059e-08
25	89	8.90059e-08
26	89	7.58458e-08
27	89	5.50754e-08
28	89	3.40797e-08
29	89	1.797e-08
30	89	8.07443e-09
31	89	3.09164e-09
32	89	1.00874e-09
33	89	2.80467e-10
34	89	6.64505e-11
35	89	1.34161e-11
36	89	2.30818e-12
37	89	3.38395e-13
38	89	4.22757e-14
39	89	4.50061e-15
40	89	4.08286e-16
41	89	3.15624e-17
42	89	2.07917e-18
43	89	1.16714e-19
44	89	5.58298e-21
45	89	2.27575e-22
46	89	7.90487e-24
47	89	2.3398e-25
48	89	5.90166e-27
49	89	1.26848e-28

0	90	7.74768e-30
1	90	3.60465e-28
2	90	1.42911e-26
3	90	4.82818e-25
4	90	1.38999e-23
5	90	3.41e-22
6	90	7.1287e-21
7	90	1.26993e-19
8	90	1.92779e-18
9	90	2.49375e-17
10	90	2.74891e-16
11	90	2.58214e-15
12	90	2.06686e-14
13	90	1.4098e-13
14	90	8.19438e-13
15	90	4.0587e-12
16	90	1.71305e-11
17	90	6.16124e-11
18	90	1.88833e-10
19	90	4.93174e-10
20	90	1.09758e-09
21	90	2.08154e-09
22	90	3.36392e-09
23	90	4.63255e-09
24	90	5.43635e-09
25	90	5.43635e-09
26	90	4.63255e-09
27	90	3.36392e-09
28	90	2.08154e-09
29	90	1.09758e-09
30	90	4.93174e-10
31	90	1.88833e-10
32	90	6.16124e-11
33	90	1.71305e-11
34	90	4.0587e-12
35	90	8.19438e-13
36	90	1.4098e-13
37	90	2.06686e-14
38	90	2.58214e-15
39	90	2.74891e-16
40	90	2.49375e-17
41	90	1.92779e-18
42	90	1.26993e-19
43	90	7.1287e-21
44	90	3.41e-22
45	90	1.38999e-23
46	90	4.82818e-25
47	90	1.42911e-26
48	90	3.60465e-28
49	90	7.74768e-30

0	91	3.78921e-31
1	91	1.76295e-29
2	91	6.98945e-28
3	91	2.36135e-26
4	91	6.79813e-25
5	91	1.66775e-23
6	91	3.48648e-22
7	91	6.2109e-21
8	91	9.42834e-20
9	91	1.21963e-18
10	91	1.34442e-17
11	91	1.26286e-16
12	91	1.01085e-15
13	91	6.89499e-15
14	91	4.00767e-14
15	91	1.98501e-13
16	91	8.37813e-13
17	91	3.01331e-12
18	91	9.23537e-12
19	91	2.412e-11
20	91	5.368e-11
21	91	1.01803e-10
22	91	1.64521e-10
23	91	2.26567e-10
24	91	2.65879e-10
25	91	2.65879e-10
26	91	2.26567e-10
27	91	1.64521e-10
28	91	1.01803e-10
29	91	5.368e-11
30	91	2.412e-11
31	91	9.23537e-12
32	91	3.01331e-12
33	91	8.37813e-13
34	91	1.98501e-13
35	91	4.00767e-14
36	91	6.89499e-15
37	91	1.01085e-15
38	91	1.26286e-16
39	91	1.34442e-17
40	91	1.21963e-18
41	91	9.42834e-20
42	91	6.2109e-21
43	91	3.48648e-22
44	91	1.66775e-23
45	91	6.79813e-25
46	91	2.36135e-26
47	91	6.98945e-28
48	91	1.76295e-29
49	91	3.78921e-31

0	92	1.48394e-32
1	92	6.90408e-31
2	92	2.73722e-29
3	92	9.24755e-28
4	92	2.6623e-26
5	92	6.53128e-25
6	92	1.36538e-23
7	92	2.43233e-22
8	92	3.69235e-21
9	92	4.77636e-20
10	92	5.26506e-19
11	92	4.94565e-18
12	92	3.95873e-17
13	92	2.70023e-16
14	92	1.56949e-15
15	92	7.77375e-15
16	92	3.28106e-14
17	92	1.18008e-13
18	92	3.61677e-13
19	92	9.44591e-13
20	92	2.10223e-12
21	92	3.98683e-12
22	92	6.44302e-12
23	92	8.87286e-12
24	92	1.04124e-11
25	92	1.04124e-11
26	92	8.87286e-12
27	92	6.44302e-12
28	92	3.98683e-12
29	92	2.10223e-12
30	92	9.44591e-13
31	92	3.61677e-13
32	92	1.18008e-13
33	92	3.28106e-14
34	92	7.77375e-15
35	92	1.56949e-15
36	92	2.70023e-16
37	92	3.95873e-17
38	92	4.94565e-18
39	92	5.26506e-19
40	92	4.77636e-20
41	92	3.69235e-21
42	92	2.43233e-22
43	92	1.36538e-23
44	92	6.53128e-25
45	92	2.6623e-26
46	92	9.24755e-28
47	92	2.73722e-29
48	92	6.90408e-31
49	92	1.48394e-32

0	93	4.65344e-34
1	93	2.16504e-32
2	93	8.58359e-31
3	93	2.89992e-29
4	93	8.34863e-28
5	93	2.04813e-26
6	93	4.28167e-25
7	93	7.62747e-24
8	93	1.15787e-22
9	93	1.49781e-21
10	93	1.65106e-20
11	93	1.55089e-19
12	93	1.24141e-18
13	93	8.46759e-18
14	93	4.92174e-17
15	93	2.43775e-16
16	93	1.0289e-15
17	93	3.70058e-15
18	93	1.13418e-14
19	93	2.96212e-14
20	93	6.59232e-14
21	93	1.25022e-13
22	93	2.02045e-13
23	93	2.78242e-13
24	93	3.2652e-13
25	93	3.2652e-13
26	93	2.78242e-13
27	93	2.02045e-13
28	93	1.25022e-13
29	93	6.59232e-14
30	93	2.96212e-14
31	93	1.13418e-14
32	93	3.70058e-15
33	93	1.0289e-15
34	93	2.43775e-16
35	93	4.92174e-17
36	93	8.46759e-18
37	93	1.24141e-18
38	93	1.55089e-19
39	93	1.65106e-20
40	93	1.49781e-21
41	93	1.15787e-22
42	93	7.62747e-24
43	93	4.28167e-25
44	93	2.04813e-26
45	93	8.34863e-28
46	93	2.89992e-29
47	93	8.58359e-31
48	93	2.16504e-32
49	93	4.65344e-34

0	94	1.16848e-35
1	94	5.4364e-34
2	94	2.15534e-32
3	94	7.28169e-31
4	94	2.09634e-29
5	94	5.14285e-28
6	94	1.07513e-26
7	94	1.91526e-25
8	94	2.90742e-24
9	94	3.76099e-23
10	94	4.1458e-22
11	94	3.89429e-21
12	94	3.11717e-20
13	94	2.12621e-19
14	94	1.23585e-18
15	94	6.12119e-18
16	94	2.58357e-17
17	94	9.29216e-17
18	94	2.84791e-16
19	94	7.43788e-16
20	94	1.65533e-15
21	94	3.1393e-15
22	94	5.07335e-15
23	94	6.98665e-15
24	94	8.1989e-15
25	94	8.1989e-15
26	94	6.98665e-15
27	94	5.07335e-15
28	94	3.1393e-15
29	94	1.65533e-15
30	94	7.43788e-16
31	94	2.84791e-16
32	94	9.29216e-17
33	94	2.58357e-17
34	94	6.12119e-18
35	94	1.23585e-18
36	94	2.12621e-19
37	94	3.11717e-20
38	94	3.89429e-21
39	94	4.1458e-22
40	94	3.76099e-23
41	94	2.90742e-24
42	94	1.91526e-25
43	94	1.07513e-26
44	94	5.14285e-28
45	94	2.09634e-29
46	94	7.28169e-31
47	94	2.15534e-32
48	94	5.4364e-34
49	94	1.16848e-35

0	95	2.3494e-37
1	95	1.09307e-35
2	95	4.33363e-34
3	95	1.46409e-32
4	95	4.21501e-31
5	95	1.03405e-29
6	95	2.1617e-28
7	95	3.85091e-27
8	95	5.84581e-26
9	95	7.56204e-25
10	95	8.33576e-24
11	95	7.83006e-23
12	95	6.26754e-22
13	95	4.27507e-21
14	95	2.48486e-20
15	95	1.23076e-19
16	95	5.19465e-19
17	95	1.86833e-18
18	95	5.72615e-18
19	95	1.4955e-17
20	95	3.32829e-17
21	95	6.31204e-17
22	95	1.02007e-16
23	95	1.40477e-16
24	95	1.64851e-16
25	95	1.64851e-16
26	95	1.40477e-16
27	95	1.02007e-16
28	95	6.31204e-17
29	95	3.32829e-17
30	95	1.4955e-17
31	95	5.72615e-18
32	95	1.86833e-18
33	95	5.19465e-19
34	95	1.23076e-19
35	95	2.48486e-20
36	95	4.27507e-21
37	95	6.26754e-22
38	95	7.83006e-23
39	95	8.33576e-24
40	95	7.56204e-25
41	95	5.84581e-26
42	95	3.85091e-27
43	95	2.1617e-28
44	95	1.03405e-29
45	95	4.21501e-31
46	95	1.46409e-32
47	95	4.33363e-34
48	95	1.09307e-35
49	95	2.3494e-37

0	96	3.78258e-39
1	96	1.75986e-37
2	96	6.97722e-36
3	96	2.35722e-34
4	96	6.78624e-33
5	96	1.66483e-31
6	96	3.48038e-30
7	96	6.20003e-29
8	96	9.41185e-28
9	96	1.2175e-26
10	96	1.34207e-25
11	96	1.26065e-24
12	96	1.00909e-23
13	96	6.88293e-23
14	96	4.00066e-22
15	96	1.98154e-21
16	96	8.36347e-21
17	96	3.00804e-20
18	96	9.21921e-20
19	96	2.40778e-19
20	96	5.35861e-19
21	96	1.01625e-18
22	96	1.64233e-18
23	96	2.2617e-18
24	96	2.65414e-18
25	96	2.65414e-18
26	96	2.2617e-18
27	96	1.64233e-18
28	96	1.01625e-18
29	96	5.35861e-19
30	96	2.40778e-19
31	96	9.21921e-20
32	96	3.00804e-20
33	96	8.36347e-21
34	96	1.98154e-21
35	96	4.00066e-22
36	96	6.88293e-23
37	96	1.00909e-23
38	96	1.26065e-24
39	96	1.34207e-25
40	96	1.2175e-26
41	96	9.41185e-28
42	96	6.20003e-29
43	96	3.48038e-30
44	96	1.66483e-31
45	96	6.78624e-33
46	96	2.35722e-34
47	96	6.97722e-36
48	96	1.75986e-37
49	96	3.78258e-39

0	97	4.87652e-41
1	97	2.26879e-39
2	97	8.99494e-38
3	97	3.03889e-36
4	97	8.74873e-35
5	97	2.14628e-33
6	97	4.48686e-32
7	97	7.99301e-31
8	97	1.21336e-29
9	97	1.56959e-28
10	97	1.73018e-27
11	97	1.62522e-26
12	97	1.3009e-25
13	97	8.87339e-25
14	97	5.1576e-24
15	97	2.55458e-23
16	97	1.07821e-22
17	97	3.87793e-22
18	97	1.18853e-21
19	97	3.10408e-21
20	97	6.90825e-21
21	97	1.31014e-20
22	97	2.11728e-20
23	97	2.91576e-20
24	97	3.42168e-20
25	97	3.42168e-20
26	97	2.91576e-20
27	97	2.11728e-20
28	97	1.31014e-20
29	97	6.90825e-21
30	97	3.10408e-21
31	97	1.18853e-21
32	97	3.87793e-22
33	97	1.07821e-22
34	97	2.55458e-23
35	97	5.1576e-24
36	97	8.87339e-25
37	97	1.3009e-25
38	97	1.62522e-26
39	97	1.73018e-27
40	97	1.56959e-28
41	97	1.21336e-29
42	97	7.99301e-31
43	97	4.48686e-32
44	97	2.14628e-33
45	97	8.74873e-35
46	97	3.03889e-36
47	97	8.99494e-38
48	97	2.26879e-39
49	97	4.87652e-41

0	98	5.03066e-43
1	98	2.34213e-41
2	98	9.28549e-40
3	98	3.13705e-38
4	98	9.03133e-37
5	98	2.21561e-35
6	98	4.63179e-34
7	98	8.25119e-33
8	98	1.25256e-31
9	98	1.62029e-30
10	98	1.78607e-29
11	98	1.67771e-28
12	98	1.34292e-27
13	98	9.16001e-27
14	98	5.3242e-26
15	98	2.63709e-25
16	98	1.11304e-24
17	98	4.00319e-24
18	98	1.22692e-23
19	98	3.20434e-23
20	98	7.13139e-23
21	98	1.35246e-22
22	98	2.18567e-22
23	98	3.00994e-22
24	98	3.5322e-22
25	98	3.5322e-22
26	98	3.00994e-22
27	98	2.18567e-22
28	98	1.35246e-22
29	98	7.13139e-23
30	98	3.20434e-23
31	98	1.22692e-23
32	98	4.00319e-24
33	98	1.11304e-24
34	98	2.63709e-25
35	98	5.3242e-26
36	98	9.16001e-27
37	98	1.34292e-27
38	98	1.67771e-28
39	98	1.78607e-29
40	98	1.62029e-30
41	98	1.25256e-31
42	98	8.25119e-33
43	98	4.63179e-34
44	98	2.21561e-35
45	98	9.03133e-37
46	98	3.13705e-38
47	98	9.28549e-40
48	98	2.34213e-41
49	98	5.03066e-43

0	99	4.2039e-45
1	99	1.93379e-43
2	99	7.67491e-42
3	99	2.59312e-40
4	99	7.46538e-39
5	99	1.83144e-37
6	99	3.82868e-36
7	99	6.82051e-35
8	99	1.03538e-33
9	99	1.33934e-32
10	99	1.47638e-31
11	99	1.38681e-30
12	99	1.11007e-29
13	99	7.57175e-29
14	99	4.40103e-28
15	99	2.17985e-27
16	99	9.20046e-27
17	99	3.30908e-26
18	99	1.01418e-25
19	99	2.64874e-25
20	99	5.89488e-25
21	99	1.11795e-24
22	99	1.80669e-24
23	99	2.48805e-24
24	99	2.91975e-24
25	99	2.91975e-24
26	99	2.48805e-24
27	99	1.80669e-24
28	99	1.11795e-24
29	99	5.89488e-25
30	99	2.64874e-25
31	99	1.01418e-25
32	99	3.30908e-26
33	99	9.20046e-27
34	99	2.17985e-27
35	99	4.40103e-28
36	99	7.57175e-29
37	99	1.11007e-29
38	99	1.38681e-30
39	99	1.47638e-31
40	99	1.33934e-32
41	99	1.03538e-33
42	99	6.82051e-35
43	99	3.82868e-36
44	99	1.83144e-37
45	99	7.46538e-39
46	99	2.59312e-40
47	99	7.67491e-42
48	99	1.93379e-43
49	99	4.2039e-45

0	100	0
1	100	1.4013e-45
2	100	5.04467e-44
3	100	1.71659e-42
4	100	4.94126e-41
5	100	1.21222e-39
6	100	2.53418e-38
7	100	4.51445e-37
8	100	6.85307e-36
9	100	8.86502e-35
10	100	9.77206e-34
11	100	9.17922e-33
12	100	7.34748e-32
13	100	5.01168e-31
14	100	2.91301e-30
15	100	1.44282e-29
16	100	6.08972e-29
17	100	2.19025e-28
18	100	6.7128e-28
19	100	1.75318e-27
20	100	3.90177e-27
21	100	7.39964e-27
22	100	1.19584e-26
23	100	1.64682e-26
24	100	1.93256e-26
25	100	1.93256e-26
26	100	1.64682e-26
27	100	1.19584e-26
28	100	7.39964e-27
29	100	3.90177e-27
30	100	1.75318e-27
31	100	6.7128e-28
32	100	2.19025e-28
33	100	6.08972e-29
34	100	1.44282e-29
35	100	2.91301e-30
36	100	5.01168e-31
37	100	7.34748e-32
38	100	9.17922e-33
39	100	9.77206e-34
40	100	8.86502e-35
41	100	6.85307e-36
42	100	4.51445e-37
43	100	2.53418e-38
44	100	1.21222e-39
45	100	4.94126e-41
46	100	1.71659e-42
47	100	5.04467e-44
48	100	1.4013e-45
49	100	0

0	101	0
1	101	0
2	101	0
3	101	8.40779e-45
4	101	2.62043e-43
5	101	6.42495e-42
6	101	1.34313e-40
7	101	2.39268e-39
8	101	3.63216e-38
9	101	4.6985e-37
10	101	5.17924e-36
11	101	4.86503e-35
12	101	3.8942e-34
13	101	2.65622e-33
14	101	1.54391e-32
15	101	7.64703e-32
16	101	3.22758e-31
17	101	1.16084e-30
18	101	3.55782e-30
19	101	9.29194e-30
20	101	2.06796e-29
21	101	3.92184e-29
22	101	6.33799e-29
23	101	8.72822e-29
24	101	1.02427e-28
25	101	1.02427e-28
26	101	8.72822e-29
27	101	6.33799e-29
28	101	3.92184e-29
29	101	2.06796e-29
30	101	9.29194e-30
31	101	3.55782e-30
32	101	1.16084e-30
33	101	3.22758e-31
34	101	7.64703e-32
35	101	1.54391e-32
36	101	2.65622e-33
37	101	3.8942e-34
38	101	4.86503e-35
39	101	5.17924e-36
40	101	4.6985e-37
41	101	3.63216e-38
42	101	2.39268e-39
43	101	1.34313e-40
44	101	6.42495e-42
45	101	2.62043e-43
46	101	8.40779e-45
47	101	0
48	101	0
49	101	0

0	102	0
1	102	0
2	102	0
3	102	0
4	102	1.4013e-45
5	102	2.66247e-44
6	102	5.70328e-43
7	102	1.01538e-41
8	102	1.54146e-40
9	102	1.994e-39
10	102	2.19802e-38
11	102	2.06467e-37
12	102	1.65266e-36
13	102	1.12727e-35
14	102	6.5522e-35
15	102	3.24532e-34
16	102	1.36975e-33
17	102	4.9265e-33
18	102	1.5099e-32
19	102	3.9434e-32
20	102	8.77621e-32
21	102	1.66439e-31
22	102	2.68978e-31
23	102	3.70417e-31
24	102	4.34689e-31
25	102	4.34689e-31
26	102	3.70417e-31
27	102	2.68978e-31
28	102	1.66439e-31
29	102	8.77621e-32
30	102	3.9434e-32
31	102	1.5099e-32
32	102	4.9265e-33
33	102	1.36975e-33
34	102	3.24532e-34
35	102	6.5522e-35
36	102	1.12727e-35
37	102	1.65266e-36
38	102	2.06467e-37
39	102	2.19802e-38
40	102	1.994e-39
41	102	1.54146e-40
42	102	1.01538e-41
43	102	5.70328e-43
44	102	2.66247e-44
45	102	1.4013e-45
46	102	0
47	102	0
48	102	0
49	102	0

0	103	0
1	103	0
2	103	0
3	103	0
4	103	0
5	103	0
6	103	1.4013e-45
7	103	3.50325e-44
8	103	5.24086e-43
9	103	6.77668e-42
10	103	7.46948e-41
11	103	7.01637e-40
12	103	5.61623e-39
13	103	3.83081e-38
14	103	2.22664e-37
15	103	1.10286e-36
16	103	4.65483e-36
17	103	1.67418e-35
18	103	5.1311e-35
19	103	1.34009e-34
20	103	2.98242e-34
21	103	5.65611e-34
22	103	9.14069e-34
23	103	1.25879e-33
24	103	1.4772e-33
25	103	1.4772e-33
26	103	1.25879e-33
27	103	9.14069e-34
28	103	5.65611e-34
29	103	2.98242e-34
30	103	1.34009e-34
31	103	5.1311e-35
32	103	1.67418e-35
33	103	4.65483e-36
34	103	1.10286e-36
35	103	2.22664e-37
36	103	3.83081e-38
37	103	5.61623e-39
38	103	7.01637e-40
39	103	7.46948e-41
40	103	6.77668e-42
41	103	5.24086e-43
42	103	3.50325e-44
43	103	1.4013e-45
44	103	0
45	103	0
46	103	0
47	103	0
48	103	0
49	103	0

0	104	0
1	104	0
2	104	0
3	104	0
4	104	0
5	104	0
6	104	0
7	104	0
8	104	1.4013e-45
9	104	1.82169e-44
10	104	2.03188e-43
11	104	1.90857e-42
12	104	1.52826e-41
13	104	1.04241e-40
14	104	6.05896e-40
15	104	3.00102e-39
16	104	1.26664e-38
17	104	4.55565e-38
18	104	1.39624e-37
19	104	3.64656e-37
20	104	8.11556e-37
21	104	1.5391e-36
22	104	2.4873e-36
23	104	3.42533e-36
24	104	4.01966e-36
25	104	4.01966e-36
26	104	3.42533e-36
27	104	2.4873e-36
28	104	1.5391e-36
29	104	8.11556e-37
30	104	3.64656e-37
31	104	1.39624e-37
32	104	4.55565e-38
33	104	1.26664e-38
34	104	3.00102e-39
35	104	6.05896e-40
36	104	1.04241e-40
37	104	1.52826e-41
38	104	1.90857e-42
39	104	2.03188e-43
40	104	1.82169e-44
41	104	1.4013e-45
42	104	0
43	104	0
44	104	0
45	104	0
46	104	0
47	104	0
48	104	0
49	104	0

0	105	0
1	105	0
2	105	0
3	105	0
4	105	0
5	105	0
6	105	0
7	105	0
8	105	0
9	105	0
10	105	0
11	105	4.2039e-45
12	105	3.36312e-44
13	105	2.2701e-43
14	105	1.32002e-42
15	105	6.53846e-42
16	105	2.75986e-41
17	105	9.92624e-41
18	105	3.04225e-40
19	105	7.9454e-40
20	105	1.76828e-39
21	105	3.35352e-39
22	105	5.41953e-39
23	105	7.46339e-39
24	105	8.75836e-39
25	105	8.75836e-39
26	105	7.46339e-39
27	105	5.41953e-39
28	105	3.35352e-39
29	105	1.76828e-39
30	105	7.9454e-40
31	105	3.04225e-40
32	105	9.92624e-41
33	105	2.75986e-41
34	105	6.53846e-42
35	105	1.32002e-42
36	105	2.2701e-43
37	105	3.36312e-44
38	105	4.2039e-45
39	105	0
40	105	0
41	105	0
42	105	0
43	105	0
44	105	0
45	105	0
46	105	0
47	105	0
48	105	0
49	105	0

0	106	0
1	106	0
2	106	0
3	106	0
4	106	0
5	106	0
6	106	0
7	106	0
8	106	0
9	106	0
10	106	0
11	106	0
12	106	0
13	106	0
14	106	2.8026e-45
15	106	1.12104e-44
16	106	4.76441e-44
17	106	1.73761e-43
18	106	5.31092e-43
19	106	1.38588e-42
20	106	3.08566e-42
21	106	5.85042e-42
22	106	9.45596e-42
23	106	1.30209e-41
24	106	1.52812e-41
25	106	1.52812e-41
26	106	1.30209e-41
27	106	9.45596e-42
28	106	5.85042e-42
29	106	3.08566e-42
30	106	1.38588e-42
31	106	5.31092e-43
32	106	1.73761e-43
33	106	4.76441e-44
34	106	1.12104e-44
35	106	2.8026e-45
36	106	0
37	106	0
38	106	0
39	106	0
40	106	0
41	106	0
42	106	0
43	106	0
44	106	0
45	106	0
46	106	0
47	106	0
48	106	0
49	106	0

0	107	0
1	107	0
2	107	0
3	107	0
4	107	0
5	107	0
6	107	0
7	107	0
8	107	0
9	107	0
10	107	0
11	107	0
12	107	0
13	107	0
14	107	0
15	107	0
16	107	0
17	107	0
18	107	1.4013e-45
19	107	1.4013e-45
20	107	4.2039e-45
21	107	8.40779e-45
22	107	1.4013e-44
23	107	1.82169e-44
24	107	2.24208e-44
25	107	2.24208e-44
26	107	1.82169e-44
27	107	1.4013e-44
28	107	8.40779e-45
29	107	4.2039e-45
30	107	1.4013e-45
31	107	1.4013e-45
32	107	0
33	107	0
34	107	0
35	107	0
36	107	0
37	107	0
38	107	0
39	107	0
40	107	0
41	107	0
42	107	0
43	107	0
44	107	0
45	107	0
46	107	0
47	107	0
48	107	0
49	107	0

0	108	0
1	108	0
2	108	0
3	108	0
4	108	0
5	108	0
6	108	0
7	108	0
8	108	0
9	108	0
10	108	0
11	108	0
12	108	0
13	108	0
14	108	0
15	108	0
16	108	0
17	108	0
18	108	0
19	108	0
20	108	0
21	108	0
22	108	0
23	108	0
24	108	0
25	108	0
26	108	0
27	108	0
28	108	0
29	108	0
30	108	0
31	108	0
32	108	0
33	108	0
34	108	0
35	108	0
36	108	0
37	108	0
38	108	0
39	108	0
40	108	0
41	108	0
42	108	0
43	108	0
44	108	0
45	108	0
46	108	0
47	108	0
48	108	0
49	108	0

0	109	0
1	109	0
2	109	0
3	109	0
4	109	0
5	109	0
6	109	0
7	109	0
8	109	0
9	109	0
10	109	0
11	109	0
12	109	0
13	109	0
14	109	0
15	109	0
16	109	0
17	109	0
18	109	0
19	109	0
20	109	0
21	109	0
22	109	0
23	109	0
24	109	0
25	109	0
26	109	0
27	109	0
28	109	0
29	109	0
30	109	0
31	109	0
32	109	0
33	109	0
34	109	0
35	109	0
36	109	0
37	109	0
38	109	0
39	109	0
40	109	0
41	109	0
42	109	0
43	109	0
44	109	0
45	109	0
46	109	0
47	109	0
48	109	0
49	109	0

0	110	0
1	110	0
2	110	0
3	110	0
4	110	0
5	110	0
6	110	0
7	110	0
8	110	0
9	110	0
10	110	0
11	110	0
12	110	0
13	110	0
14	110	0
15	110	0
16	110	0
17	110	0
18	110	0
19	110	0
20	110	0
21	110	0
22	110	0
23	110	0
24	110	0
25	110	0
26	110	0
27	110	0
28	110	0
29	110	0
30	110	0
31	110	0
32	110	0
33	110	0
34	110	0
35	110	0
36	110	0
37	110	0
38	110	0
39	110	0
40	110	0
41	110	0
42	110	0
43	110	0
44	110	0
45	110	0
46	110	0
47	110	0
48	110	0
49	110	0

0	111	0
1	111	0
2	111	0
3	111	0
4	111	0
5	111	0
6	111	0
7	111	0
8	111	0
9	111	0
10	111	0
11	111	0
12	111	0
13	111	0
14	111	0
15	111	0
16	111	0
17	111	0
18	111	0
19	111	0
20	111	0
21	111	0
22	111	0
23	111	0
24	111	0
25	111	0
26	111	0
27	111	0
28	111	0
29	111	0
30	111	0
31	111	0
32	111	0
33	111	0
34	111	0
35	111	0
36	111	0
37	111	0
38	111	0
39	111	0
40	111	0
41	111	0
42	111	0
43	111	0
44	111	0
45	111	0
46	111	0
47	111	0
48	111	0
49	111	0

0	112	0
1	112	0
2	112	0
3	112	0
4	112	0
5	112	0
6	112	0
7	112	0
8	112	0
9	112	0
10	112	0
11	112	0
12	112	0
13	112	0
14	112	0
15	112	0
16	112	0
17	112	0
18	112	0
19	112	0
20	112	0
21	112	0
22	112	0
23	112	0
24	112	0
25	112	0
26	112	0
27	112	0
28	112	0
29	112	0
30	112	0
31	112	0
32	112	0
33	112	0
34	112	0
35	112	0
36	112	0
37	112	0
38	112	0
39	112	0
40	112	0
41	112	0
42	112	0
43	112	0
44	112	0
45	112	0
46	112	0
47	112	0
48	112	0
49	112	0

0	113	0
1	113	0
2	113	0
3	113	0
4	113	0
5	113	0
6	113	0
7	113	0
8	113	0
9	113	0
10	113	0
11	113	0
12	113	0
13	113	0
14	113	0
15	113	0
16	113	0
17	113	0
18	113	0
19	113	0
20	113	0
21	113	0
22	113	0
23	113	0
24	113	0
25	113	0
26	113	0
27	113	0
28	113	0
29	113	0
30	113	0
31	113	0
32	113	0
33	113	0
34	113	0
35	113	0
36	113	0
37	113	0
38	113	0
39	113	0
40	113	0
41	113	0
42	113	0
43	113	0
44	113	0
45	113	0
46	113	0
47	113	0
48	113	0
49	113	0

0	114	0
1	114	0
2	114	0
3	114	0
4	114	0
5	114	0
6	114	0
7	114	0
8	114	0
9	114	0
10	114	0
11	114	0
12	114	0
13	114	0
14	114	0
15	114	0
16	114	0
17	114	0
18	114	0
19	114	0
20	114	0
21	114	0
22	114	0
23	114	0
24	114	0
25	114	0
26	114	0
27	114	0
28	114	0
29	114	0
30	114	0
31	114	0
32	114	0
33	114	0
34	114	0
35	114	0
36	114	0
37	114	0
38	114	0
39	114	0
40	114	0
41	114	0
42	114	0
43	114	0
44	114	0
45	114	0
46	114	0
47	114	0
48	114	0
49	114	0

0	115	0
1	115	0
2	115	0
3	115	0
4	115	0
5	115	0
6	115	0
7	115	0
8	115	0
9	115	0
10	115	0
11	115	0
12	115	0
13	115	0
14	115	0
15	115	0
16	115	0
17	115	0
18	115	0
19	115	0
20	115	0
21	115	0
22	115	0
23	115	0
24	115	0
25	115	0
26	115	0
27	115	0
28	115	0
29	115	0
30	115	0
31	115	0
32	115	0
33	115	0
34	115	0
35	115	0
36	115	0
37	115	0
38	115	0
39	115	0
40	115	0
41	115	0
42	115	0
43	115	0
44	115	0
45	115	0
46	115	0
47	115	0
48	115	0
49	115	0

0	116	0
1	116	0
2	116	0
3	116	0
4	116	0
5	116	0
6	116	0
7	116	0
8	116	0
9	116	0
10	116	0
11	116	0
12	116	0
13	116	0
14	116	0
15	116	0
16	116	0
17	116	0
18	116	0
19	116	0
20	116	0
21	116	0
22	116	0
23	116	0
24	116	0
25	116	0
26	116	0
27	116	0
28	116	0
29	116	0
30	116	0
31	116	0
32	116	0
33	116	0
34	116	0
35	116	0
36	116	0
37	116	0
38	116	0
39	116	0
40	116	0
41	116	0
42	116	0
43	116	0
44	116	0
45	116	0
46	116	0
47	116	0
48	116	0
49	116	0

0	117	0
1	117	0
2	117	0
3	117	0
4	117	0
5	117	0
6	117	0
7	117	0
8	117	0
9	117	0
10	117	0
11	117	0
12	117	0
13	117	0
14	117	0
15	117	0
16	117	0
17	117	0
18	117	0
19	117	0
20	117	0
21	117	0
22	117	0
23	117	0
24	117	0
25	117	0
26	117	0
27	117	0
28	117	0
29	117	0
30	117	0
31	117	0
32	117	0
33	117	0
34	117	0
35	117	0
36	117	0
37	117	0
38	117	0
39	117	0
40	117	0
41	117	0
42	117	0
43	117	0
44	117	0
45	117	0
46	117	0
47	117	0
48	117	0
49	117	0

0	118	0
1	118	0
2	118	0
3	118	0
4	118	0
5	118	0
6	118	0
7	118	0
8	118	0
9	118	0
10	118	0
11	118	0
12	118	0
13	118	0
14	118	0
15	118	0
16	118	0
17	118	0
18	118	0
19	118	0
20	118	0
21	118	0
22	118	0
23	118	0
24	118	0
25	118	0
26	118	0
27	118	0
28	118	0
29	118	0
30	118	0
31	118	0
32	118	0
33	118	0
34	118	0
35	118	0
36	118	0
37	118	0
38	118	0
39	118	0
40	118	0
41	118	0
42	118	0
43	118	0
44	118	0
45	118	0
46	118	0
47	118	0
48	118	0
49	118	0

0	119	0
1	119	0
2	119	0
3	119	0
4	119	0
5	119	0
6	119	0
7	119	0
8	119	0
9	119	0
10	119	0
11	119	0
12	119	0
13	119	0
14	119	0
15	119	0
16	119	0
17	119	0
18	119	0
19	119	0
20	119	0
21	119	0
22	119	0
23	119	0
24	119	0
25	119	0
26	119	0
27	119	0
28	119	0
29	119	0
30	119	0
31	119	0
32	119	0
33	119	0
34	119	0
35	119	0
36	119	0
37	119	0
38	119	0
39	119	0
40	119	0
41	119	0
42	119	0
43	119	0
44	119	0
45	119	0
46	119	0
47	119	0
48	119	0
49	119	0

