# 70 MeV Proton Pencil Beam 2D Dose Distribution
# x(mm) z(mm) dose(Gy)
0	0	0
1	0	0
2	0	0
3	0	0
4	0	0
5	0	0
6	0	0
7	0	0
8	0	0
9	0	0
10	0	0
11	0	0
12	0	0
13	0	0
14	0	0
15	0	0
16	0	0
17	0	0
18	0	0
19	0	0
20	0	0
21	0	0
22	0	0
23	0	0
24	0	0
25	0	0
26	0	0
27	0	0
28	0	0
29	0	0
30	0	0
31	0	0
32	0	0
33	0	0
34	0	0
35	0	0
36	0	0
37	0	0
38	0	0
39	0	0
40	0	0
41	0	0
42	0	0
43	0	0
44	0	0
45	0	0
46	0	0
47	0	0
48	0	0
49	0	0

0	1	4.70867e-40
1	1	3.63225e-37
2	1	2.12398e-34
3	1	9.41501e-32
4	1	3.16364e-29
5	1	8.05842e-27
6	1	1.556e-24
7	1	2.27754e-22
8	1	2.5271e-20
9	1	2.12556e-18
10	1	1.35525e-16
11	1	6.55035e-15
12	1	2.39997e-13
13	1	6.66568e-12
14	1	1.40339e-10
15	1	2.23981e-09
16	1	2.70982e-08
17	1	2.48522e-07
18	1	1.72778e-06
19	1	9.10557e-06
20	1	3.63767e-05
21	1	0.000110163
22	1	0.000252898
23	1	0.0004401
24	1	0.00058057
25	1	0.00058057
26	1	0.0004401
27	1	0.000252898
28	1	0.000110163
29	1	3.63767e-05
30	1	9.10557e-06
31	1	1.72778e-06
32	1	2.48522e-07
33	1	2.70982e-08
34	1	2.23981e-09
35	1	1.40339e-10
36	1	6.66568e-12
37	1	2.39997e-13
38	1	6.55035e-15
39	1	1.35525e-16
40	1	2.12556e-18
41	1	2.5271e-20
42	1	2.27754e-22
43	1	1.556e-24
44	1	8.05842e-27
45	1	3.16364e-29
46	1	9.41501e-32
47	1	2.12398e-34
48	1	3.63225e-37
49	1	4.70867e-40

0	2	1.88347e-39
1	2	1.4529e-36
2	2	8.49591e-34
3	2	3.766e-31
4	2	1.26545e-28
5	2	3.22337e-26
6	2	6.224e-24
7	2	9.11017e-22
8	2	1.01084e-19
9	2	8.50223e-18
10	2	5.42102e-16
11	2	2.62014e-14
12	2	9.59988e-13
13	2	2.66627e-11
14	2	5.61358e-10
15	2	8.95925e-09
16	2	1.08393e-07
17	2	9.9409e-07
18	2	6.91111e-06
19	2	3.64223e-05
20	2	0.000145507
21	2	0.000440652
22	2	0.00101159
23	2	0.0017604
24	2	0.00232228
25	2	0.00232228
26	2	0.0017604
27	2	0.00101159
28	2	0.000440652
29	2	0.000145507
30	2	3.64223e-05
31	2	6.91111e-06
32	2	9.9409e-07
33	2	1.08393e-07
34	2	8.95925e-09
35	2	5.61358e-10
36	2	2.66627e-11
37	2	9.59988e-13
38	2	2.62014e-14
39	2	5.42102e-16
40	2	8.50223e-18
41	2	1.01084e-19
42	2	9.11017e-22
43	2	6.224e-24
44	2	3.22337e-26
45	2	1.26545e-28
46	2	3.766e-31
47	2	8.49591e-34
48	2	1.4529e-36
49	2	1.88347e-39

0	3	4.23781e-39
1	3	3.26903e-36
2	3	1.91158e-33
3	3	8.47351e-31
4	3	2.84727e-28
5	3	7.25258e-26
6	3	1.4004e-23
7	3	2.04979e-21
8	3	2.27439e-19
9	3	1.913e-17
10	3	1.21973e-15
11	3	5.89532e-14
12	3	2.15997e-12
13	3	5.99911e-11
14	3	1.26305e-09
15	3	2.01583e-08
16	3	2.43884e-07
17	3	2.2367e-06
18	3	1.555e-05
19	3	8.19501e-05
20	3	0.00032739
21	3	0.000991467
22	3	0.00227608
23	3	0.0039609
24	3	0.00522513
25	3	0.00522513
26	3	0.0039609
27	3	0.00227608
28	3	0.000991467
29	3	0.00032739
30	3	8.19501e-05
31	3	1.555e-05
32	3	2.2367e-06
33	3	2.43884e-07
34	3	2.01583e-08
35	3	1.26305e-09
36	3	5.99911e-11
37	3	2.15997e-12
38	3	5.89532e-14
39	3	1.21973e-15
40	3	1.913e-17
41	3	2.27439e-19
42	3	2.04979e-21
43	3	1.4004e-23
44	3	7.25258e-26
45	3	2.84727e-28
46	3	8.47351e-31
47	3	1.91158e-33
48	3	3.26903e-36
49	3	4.23781e-39

0	4	7.53388e-39
1	4	5.8116e-36
2	4	3.39836e-33
3	4	1.5064e-30
4	4	5.06182e-28
5	4	1.28935e-25
6	4	2.4896e-23
7	4	3.64407e-21
8	4	4.04336e-19
9	4	3.40089e-17
10	4	2.16841e-15
11	4	1.04806e-13
12	4	3.83995e-12
13	4	1.06651e-10
14	4	2.24543e-09
15	4	3.5837e-08
16	4	4.33571e-07
17	4	3.97636e-06
18	4	2.76444e-05
19	4	0.000145689
20	4	0.000582027
21	4	0.00176261
22	4	0.00404637
23	4	0.0070416
24	4	0.00928912
25	4	0.00928912
26	4	0.0070416
27	4	0.00404637
28	4	0.00176261
29	4	0.000582027
30	4	0.000145689
31	4	2.76444e-05
32	4	3.97636e-06
33	4	4.33571e-07
34	4	3.5837e-08
35	4	2.24543e-09
36	4	1.06651e-10
37	4	3.83995e-12
38	4	1.04806e-13
39	4	2.16841e-15
40	4	3.40089e-17
41	4	4.04336e-19
42	4	3.64407e-21
43	4	2.4896e-23
44	4	1.28935e-25
45	4	5.06182e-28
46	4	1.5064e-30
47	4	3.39836e-33
48	4	5.8116e-36
49	4	7.53388e-39

0	5	1.17717e-38
1	5	9.08063e-36
2	5	5.30994e-33
3	5	2.35375e-30
4	5	7.90909e-28
5	5	2.0146e-25
6	5	3.89e-23
7	5	5.69386e-21
8	5	6.31775e-19
9	5	5.3139e-17
10	5	3.38813e-15
11	5	1.63759e-13
12	5	5.99993e-12
13	5	1.66642e-10
14	5	3.50848e-09
15	5	5.59953e-08
16	5	6.77454e-07
17	5	6.21306e-06
18	5	4.31944e-05
19	5	0.000227639
20	5	0.000909417
21	5	0.00275407
22	5	0.00632245
23	5	0.0110025
24	5	0.0145143
25	5	0.0145143
26	5	0.0110025
27	5	0.00632245
28	5	0.00275407
29	5	0.000909417
30	5	0.000227639
31	5	4.31944e-05
32	5	6.21306e-06
33	5	6.77454e-07
34	5	5.59953e-08
35	5	3.50848e-09
36	5	1.66642e-10
37	5	5.99993e-12
38	5	1.63759e-13
39	5	3.38813e-15
40	5	5.3139e-17
41	5	6.31775e-19
42	5	5.69386e-21
43	5	3.89e-23
44	5	2.0146e-25
45	5	7.90909e-28
46	5	2.35375e-30
47	5	5.30994e-33
48	5	9.08063e-36
49	5	1.17717e-38

0	6	1.69512e-38
1	6	1.30761e-35
2	6	7.64632e-33
3	6	3.3894e-30
4	6	1.13891e-27
5	6	2.90103e-25
6	6	5.6016e-23
7	6	8.19916e-21
8	6	9.09756e-19
9	6	7.65201e-17
10	6	4.87891e-15
11	6	2.35813e-13
12	6	8.6399e-12
13	6	2.39965e-10
14	6	5.05222e-09
15	6	8.06332e-08
16	6	9.75534e-07
17	6	8.94681e-06
18	6	6.22e-05
19	6	0.0003278
20	6	0.00130956
21	6	0.00396587
22	6	0.00910432
23	6	0.0158436
24	6	0.0209005
25	6	0.0209005
26	6	0.0158436
27	6	0.00910432
28	6	0.00396587
29	6	0.00130956
30	6	0.0003278
31	6	6.22e-05
32	6	8.94681e-06
33	6	9.75534e-07
34	6	8.06332e-08
35	6	5.05222e-09
36	6	2.39965e-10
37	6	8.6399e-12
38	6	2.35813e-13
39	6	4.87891e-15
40	6	7.65201e-17
41	6	9.09756e-19
42	6	8.19916e-21
43	6	5.6016e-23
44	6	2.90103e-25
45	6	1.13891e-27
46	6	3.3894e-30
47	6	7.64632e-33
48	6	1.30761e-35
49	6	1.69512e-38

0	7	2.30725e-38
1	7	1.7798e-35
2	7	1.04075e-32
3	7	4.61335e-30
4	7	1.55018e-27
5	7	3.94862e-25
6	7	7.6244e-23
7	7	1.116e-20
8	7	1.23828e-18
9	7	1.04152e-16
10	7	6.64074e-15
11	7	3.20967e-13
12	7	1.17599e-11
13	7	3.26618e-10
14	7	6.87663e-09
15	7	1.09751e-07
16	7	1.32781e-06
17	7	1.21776e-05
18	7	8.46611e-05
19	7	0.000446173
20	7	0.00178246
21	7	0.00539798
22	7	0.012392
23	7	0.0215649
24	7	0.0284479
25	7	0.0284479
26	7	0.0215649
27	7	0.012392
28	7	0.00539798
29	7	0.00178246
30	7	0.000446173
31	7	8.46611e-05
32	7	1.21776e-05
33	7	1.32781e-06
34	7	1.09751e-07
35	7	6.87663e-09
36	7	3.26618e-10
37	7	1.17599e-11
38	7	3.20967e-13
39	7	6.64074e-15
40	7	1.04152e-16
41	7	1.23828e-18
42	7	1.116e-20
43	7	7.6244e-23
44	7	3.94862e-25
45	7	1.55018e-27
46	7	4.61335e-30
47	7	1.04075e-32
48	7	1.7798e-35
49	7	2.30725e-38

0	8	3.01355e-38
1	8	2.32464e-35
2	8	1.35934e-32
3	8	6.0256e-30
4	8	2.02473e-27
5	8	5.15739e-25
6	8	9.9584e-23
7	8	1.45763e-20
8	8	1.61734e-18
9	8	1.36036e-16
10	8	8.67363e-15
11	8	4.19222e-13
12	8	1.53598e-11
13	8	4.26604e-10
14	8	8.98172e-09
15	8	1.43348e-07
16	8	1.73428e-06
17	8	1.59054e-05
18	8	0.000110578
19	8	0.000582756
20	8	0.00232811
21	8	0.00705043
22	8	0.0161855
23	8	0.0281664
24	8	0.0371565
25	8	0.0371565
26	8	0.0281664
27	8	0.0161855
28	8	0.00705043
29	8	0.00232811
30	8	0.000582756
31	8	0.000110578
32	8	1.59054e-05
33	8	1.73428e-06
34	8	1.43348e-07
35	8	8.98172e-09
36	8	4.26604e-10
37	8	1.53598e-11
38	8	4.19222e-13
39	8	8.67363e-15
40	8	1.36036e-16
41	8	1.61734e-18
42	8	1.45763e-20
43	8	9.9584e-23
44	8	5.15739e-25
45	8	2.02473e-27
46	8	6.0256e-30
47	8	1.35934e-32
48	8	2.32464e-35
49	8	3.01355e-38

0	9	3.81403e-38
1	9	2.94212e-35
2	9	1.72042e-32
3	9	7.62615e-30
4	9	2.56255e-27
5	9	6.52732e-25
6	9	1.26036e-22
7	9	1.84481e-20
8	9	2.04695e-18
9	9	1.7217e-16
10	9	1.09776e-14
11	9	5.30578e-13
12	9	1.94398e-11
13	9	5.3992e-10
14	9	1.13675e-08
15	9	1.81425e-07
16	9	2.19495e-06
17	9	2.01303e-05
18	9	0.00013995
19	9	0.000737551
20	9	0.00294651
21	9	0.0089232
22	9	0.0204847
23	9	0.0356481
24	9	0.0470262
25	9	0.0470262
26	9	0.0356481
27	9	0.0204847
28	9	0.0089232
29	9	0.00294651
30	9	0.000737551
31	9	0.00013995
32	9	2.01303e-05
33	9	2.19495e-06
34	9	1.81425e-07
35	9	1.13675e-08
36	9	5.3992e-10
37	9	1.94398e-11
38	9	5.30578e-13
39	9	1.09776e-14
40	9	1.7217e-16
41	9	2.04695e-18
42	9	1.84481e-20
43	9	1.26036e-22
44	9	6.52732e-25
45	9	2.56255e-27
46	9	7.62615e-30
47	9	1.72042e-32
48	9	2.94212e-35
49	9	3.81403e-38

0	10	4.70868e-38
1	10	3.63225e-35
2	10	2.12398e-32
3	10	9.41501e-30
4	10	3.16364e-27
5	10	8.05842e-25
6	10	1.556e-22
7	10	2.27754e-20
8	10	2.5271e-18
9	10	2.12556e-16
10	10	1.35525e-14
11	10	6.55035e-13
12	10	2.39997e-11
13	10	6.66568e-10
14	10	1.40339e-08
15	10	2.23981e-07
16	10	2.70982e-06
17	10	2.48522e-05
18	10	0.000172778
19	10	0.000910557
20	10	0.00363767
21	10	0.0110163
22	10	0.0252898
23	10	0.04401
24	10	0.058057
25	10	0.058057
26	10	0.04401
27	10	0.0252898
28	10	0.0110163
29	10	0.00363767
30	10	0.000910557
31	10	0.000172778
32	10	2.48522e-05
33	10	2.70982e-06
34	10	2.23981e-07
35	10	1.40339e-08
36	10	6.66568e-10
37	10	2.39997e-11
38	10	6.55035e-13
39	10	1.35525e-14
40	10	2.12556e-16
41	10	2.5271e-18
42	10	2.27754e-20
43	10	1.556e-22
44	10	8.05842e-25
45	10	3.16364e-27
46	10	9.41501e-30
47	10	2.12398e-32
48	10	3.63225e-35
49	10	4.70868e-38

0	11	5.6975e-38
1	11	4.39502e-35
2	11	2.57001e-32
3	11	1.13922e-29
4	11	3.828e-27
5	11	9.75069e-25
6	11	1.88276e-22
7	11	2.75583e-20
8	11	3.05779e-18
9	11	2.57193e-16
10	11	1.63986e-14
11	11	7.92592e-13
12	11	2.90397e-11
13	11	8.06548e-10
14	11	1.69811e-08
15	11	2.71017e-07
16	11	3.27888e-06
17	11	3.00712e-05
18	11	0.000209061
19	11	0.00110177
20	11	0.00440158
21	11	0.0133297
22	11	0.0306006
23	11	0.0532521
24	11	0.070249
25	11	0.070249
26	11	0.0532521
27	11	0.0306006
28	11	0.0133297
29	11	0.00440158
30	11	0.00110177
31	11	0.000209061
32	11	3.00712e-05
33	11	3.27888e-06
34	11	2.71017e-07
35	11	1.69811e-08
36	11	8.06548e-10
37	11	2.90397e-11
38	11	7.92592e-13
39	11	1.63986e-14
40	11	2.57193e-16
41	11	3.05779e-18
42	11	2.75583e-20
43	11	1.88276e-22
44	11	9.75069e-25
45	11	3.828e-27
46	11	1.13922e-29
47	11	2.57001e-32
48	11	4.39502e-35
49	11	5.6975e-38

0	12	6.78049e-38
1	12	5.23044e-35
2	12	3.05853e-32
3	12	1.35576e-29
4	12	4.55564e-27
5	12	1.16041e-24
6	12	2.24064e-22
7	12	3.27966e-20
8	12	3.63902e-18
9	12	3.0608e-16
10	12	1.95157e-14
11	12	9.4325e-13
12	12	3.45596e-11
13	12	9.59858e-10
14	12	2.02089e-08
15	12	3.22533e-07
16	12	3.90214e-06
17	12	3.57872e-05
18	12	0.0002488
19	12	0.0013112
20	12	0.00523824
21	12	0.0158635
22	12	0.0364173
23	12	0.0633744
24	12	0.0836021
25	12	0.0836021
26	12	0.0633744
27	12	0.0364173
28	12	0.0158635
29	12	0.00523824
30	12	0.0013112
31	12	0.0002488
32	12	3.57872e-05
33	12	3.90214e-06
34	12	3.22533e-07
35	12	2.02089e-08
36	12	9.59858e-10
37	12	3.45596e-11
38	12	9.4325e-13
39	12	1.95157e-14
40	12	3.0608e-16
41	12	3.63902e-18
42	12	3.27966e-20
43	12	2.24064e-22
44	12	1.16041e-24
45	12	4.55564e-27
46	12	1.35576e-29
47	12	3.05853e-32
48	12	5.23044e-35
49	12	6.78049e-38

0	13	7.95766e-38
1	13	6.1385e-35
2	13	3.58952e-32
3	13	1.59114e-29
4	13	5.34655e-27
5	13	1.36187e-24
6	13	2.62964e-22
7	13	3.84905e-20
8	13	4.2708e-18
9	13	3.59219e-16
10	13	2.29038e-14
11	13	1.10701e-12
12	13	4.05595e-11
13	13	1.1265e-09
14	13	2.37174e-08
15	13	3.78528e-07
16	13	4.57959e-06
17	13	4.20003e-05
18	13	0.000291994
19	13	0.00153884
20	13	0.00614766
21	13	0.0186175
22	13	0.0427397
23	13	0.0743769
24	13	0.0981164
25	13	0.0981164
26	13	0.0743769
27	13	0.0427397
28	13	0.0186175
29	13	0.00614766
30	13	0.00153884
31	13	0.000291994
32	13	4.20003e-05
33	13	4.57959e-06
34	13	3.78528e-07
35	13	2.37174e-08
36	13	1.1265e-09
37	13	4.05595e-11
38	13	1.10701e-12
39	13	2.29038e-14
40	13	3.59219e-16
41	13	4.2708e-18
42	13	3.84905e-20
43	13	2.62964e-22
44	13	1.36187e-24
45	13	5.34655e-27
46	13	1.59114e-29
47	13	3.58952e-32
48	13	6.1385e-35
49	13	7.95766e-38

0	14	9.229e-38
1	14	7.11921e-35
2	14	4.16299e-32
3	14	1.84534e-29
4	14	6.20073e-27
5	14	1.57945e-24
6	14	3.04976e-22
7	14	4.46399e-20
8	14	4.95311e-18
9	14	4.16609e-16
10	14	2.6563e-14
11	14	1.28387e-12
12	14	4.70394e-11
13	14	1.30647e-09
14	14	2.75065e-08
15	14	4.39003e-07
16	14	5.31124e-06
17	14	4.87104e-05
18	14	0.000338644
19	14	0.00178469
20	14	0.00712983
21	14	0.0215919
22	14	0.049568
23	14	0.0862596
24	14	0.113792
25	14	0.113792
26	14	0.0862596
27	14	0.049568
28	14	0.0215919
29	14	0.00712983
30	14	0.00178469
31	14	0.000338644
32	14	4.87104e-05
33	14	5.31124e-06
34	14	4.39003e-07
35	14	2.75065e-08
36	14	1.30647e-09
37	14	4.70394e-11
38	14	1.28387e-12
39	14	2.6563e-14
40	14	4.16609e-16
41	14	4.95311e-18
42	14	4.46399e-20
43	14	3.04976e-22
44	14	1.57945e-24
45	14	6.20073e-27
46	14	1.84534e-29
47	14	4.16299e-32
48	14	7.11921e-35
49	14	9.229e-38

0	15	1.05945e-37
1	15	8.17256e-35
2	15	4.77895e-32
3	15	2.11838e-29
4	15	7.11818e-27
5	15	1.81314e-24
6	15	3.501e-22
7	15	5.12447e-20
8	15	5.68597e-18
9	15	4.78251e-16
10	15	3.04932e-14
11	15	1.47383e-12
12	15	5.39994e-11
13	15	1.49978e-09
14	15	3.15764e-08
15	15	5.03958e-07
16	15	6.09709e-06
17	15	5.59175e-05
18	15	0.00038875
19	15	0.00204875
20	15	0.00818475
21	15	0.0247867
22	15	0.056902
23	15	0.0990225
24	15	0.130628
25	15	0.130628
26	15	0.0990225
27	15	0.056902
28	15	0.0247867
29	15	0.00818475
30	15	0.00204875
31	15	0.00038875
32	15	5.59175e-05
33	15	6.09709e-06
34	15	5.03958e-07
35	15	3.15764e-08
36	15	1.49978e-09
37	15	5.39994e-11
38	15	1.47383e-12
39	15	3.04932e-14
40	15	4.78251e-16
41	15	5.68597e-18
42	15	5.12447e-20
43	15	3.501e-22
44	15	1.81314e-24
45	15	7.11818e-27
46	15	2.11838e-29
47	15	4.77895e-32
48	15	8.17256e-35
49	15	1.05945e-37

0	16	1.20542e-37
1	16	9.29856e-35
2	16	5.43738e-32
3	16	2.41024e-29
4	16	8.09891e-27
5	16	2.06295e-24
6	16	3.98336e-22
7	16	5.83051e-20
8	16	6.46937e-18
9	16	5.44143e-16
10	16	3.46945e-14
11	16	1.67689e-12
12	16	6.14393e-11
13	16	1.70641e-09
14	16	3.59269e-08
15	16	5.73392e-07
16	16	6.93713e-06
17	16	6.36217e-05
18	16	0.000442311
19	16	0.00233102
20	16	0.00931242
21	16	0.0282017
22	16	0.0647418
23	16	0.112666
24	16	0.148626
25	16	0.148626
26	16	0.112666
27	16	0.0647418
28	16	0.0282017
29	16	0.00931242
30	16	0.00233102
31	16	0.000442311
32	16	6.36217e-05
33	16	6.93713e-06
34	16	5.73392e-07
35	16	3.59269e-08
36	16	1.70641e-09
37	16	6.14393e-11
38	16	1.67689e-12
39	16	3.46945e-14
40	16	5.44143e-16
41	16	6.46937e-18
42	16	5.83051e-20
43	16	3.98336e-22
44	16	2.06295e-24
45	16	8.09891e-27
46	16	2.41024e-29
47	16	5.43738e-32
48	16	9.29856e-35
49	16	1.20542e-37

0	17	1.36081e-37
1	17	1.04972e-34
2	17	6.13829e-32
3	17	2.72094e-29
4	17	9.14291e-27
5	17	2.32888e-24
6	17	4.49684e-22
7	17	6.5821e-20
8	17	7.30332e-18
9	17	6.14286e-16
10	17	3.91668e-14
11	17	1.89305e-12
12	17	6.93592e-11
13	17	1.92638e-09
14	17	4.05581e-08
15	17	6.47306e-07
16	17	7.83137e-06
17	17	7.1823e-05
18	17	0.000499328
19	17	0.00263151
20	17	0.0105129
21	17	0.0318371
22	17	0.0730875
23	17	0.127189
24	17	0.167785
25	17	0.167785
26	17	0.127189
27	17	0.0730875
28	17	0.0318371
29	17	0.0105129
30	17	0.00263151
31	17	0.000499328
32	17	7.1823e-05
33	17	7.83137e-06
34	17	6.47306e-07
35	17	4.05581e-08
36	17	1.92638e-09
37	17	6.93592e-11
38	17	1.89305e-12
39	17	3.91668e-14
40	17	6.14286e-16
41	17	7.30332e-18
42	17	6.5821e-20
43	17	4.49684e-22
44	17	2.32888e-24
45	17	9.14291e-27
46	17	2.72094e-29
47	17	6.13829e-32
48	17	1.04972e-34
49	17	1.36081e-37

0	18	1.52561e-37
1	18	1.17685e-34
2	18	6.88168e-32
3	18	3.05046e-29
4	18	1.02502e-26
5	18	2.61093e-24
6	18	5.04144e-22
7	18	7.37924e-20
8	18	8.1878e-18
9	18	6.88681e-16
10	18	4.39102e-14
11	18	2.12231e-12
12	18	7.77591e-11
13	18	2.15968e-09
14	18	4.547e-08
15	18	7.25699e-07
16	18	8.77981e-06
17	18	8.05213e-05
18	18	0.0005598
19	18	0.0029502
20	18	0.011786
21	18	0.0356928
22	18	0.0819389
23	18	0.142592
24	18	0.188105
25	18	0.188105
26	18	0.142592
27	18	0.0819389
28	18	0.0356928
29	18	0.011786
30	18	0.0029502
31	18	0.0005598
32	18	8.05213e-05
33	18	8.77981e-06
34	18	7.25699e-07
35	18	4.547e-08
36	18	2.15968e-09
37	18	7.77591e-11
38	18	2.12231e-12
39	18	4.39102e-14
40	18	6.88681e-16
41	18	8.1878e-18
42	18	7.37924e-20
43	18	5.04144e-22
44	18	2.61093e-24
45	18	1.02502e-26
46	18	3.05046e-29
47	18	6.88168e-32
48	18	1.17685e-34
49	18	1.52561e-37

0	19	1.69983e-37
1	19	1.31124e-34
2	19	7.66756e-32
3	19	3.39882e-29
4	19	1.14207e-26
5	19	2.90909e-24
6	19	5.61716e-22
7	19	8.22193e-20
8	19	9.12283e-18
9	19	7.67327e-16
10	19	4.89247e-14
11	19	2.36468e-12
12	19	8.6639e-11
13	19	2.40631e-09
14	19	5.06625e-08
15	19	8.08572e-07
16	19	9.78244e-06
17	19	8.97166e-05
18	19	0.000623728
19	19	0.00328711
20	19	0.013132
21	19	0.0397688
22	19	0.0912961
23	19	0.158876
24	19	0.209586
25	19	0.209586
26	19	0.158876
27	19	0.0912961
28	19	0.0397688
29	19	0.013132
30	19	0.00328711
31	19	0.000623728
32	19	8.97166e-05
33	19	9.78244e-06
34	19	8.08572e-07
35	19	5.06625e-08
36	19	2.40631e-09
37	19	8.6639e-11
38	19	2.36468e-12
39	19	4.89247e-14
40	19	7.67327e-16
41	19	9.12283e-18
42	19	8.22193e-20
43	19	5.61716e-22
44	19	2.90909e-24
45	19	1.14207e-26
46	19	3.39882e-29
47	19	7.66756e-32
48	19	1.31124e-34
49	19	1.69983e-37

0	20	1.88347e-37
1	20	1.4529e-34
2	20	8.49591e-32
3	20	3.766e-29
4	20	1.26545e-26
5	20	3.22337e-24
6	20	6.224e-22
7	20	9.11017e-20
8	20	1.01084e-17
9	20	8.50223e-16
10	20	5.42102e-14
11	20	2.62014e-12
12	20	9.59989e-11
13	20	2.66627e-09
14	20	5.61358e-08
15	20	8.95925e-07
16	20	1.08393e-05
17	20	9.9409e-05
18	20	0.000691111
19	20	0.00364223
20	20	0.0145507
21	20	0.0440652
22	20	0.101159
23	20	0.17604
24	20	0.232228
25	20	0.232228
26	20	0.17604
27	20	0.101159
28	20	0.0440652
29	20	0.0145507
30	20	0.00364223
31	20	0.000691111
32	20	9.9409e-05
33	20	1.08393e-05
34	20	8.95925e-07
35	20	5.61358e-08
36	20	2.66627e-09
37	20	9.59989e-11
38	20	2.62014e-12
39	20	5.42102e-14
40	20	8.50223e-16
41	20	1.01084e-17
42	20	9.11017e-20
43	20	6.224e-22
44	20	3.22337e-24
45	20	1.26545e-26
46	20	3.766e-29
47	20	8.49591e-32
48	20	1.4529e-34
49	20	1.88347e-37

0	21	2.07653e-37
1	21	1.60182e-34
2	21	9.36674e-32
3	21	4.15202e-29
4	21	1.39516e-26
5	21	3.55376e-24
6	21	6.86196e-22
7	21	1.0044e-19
8	21	1.11445e-17
9	21	9.37371e-16
10	21	5.97667e-14
11	21	2.8887e-12
12	21	1.05839e-10
13	21	2.93957e-09
14	21	6.18897e-08
15	21	9.87757e-07
16	21	1.19503e-05
17	21	0.000109598
18	21	0.00076195
19	21	0.00401556
20	21	0.0160421
21	21	0.0485819
22	21	0.111528
23	21	0.194084
24	21	0.256031
25	21	0.256031
26	21	0.194084
27	21	0.111528
28	21	0.0485819
29	21	0.0160421
30	21	0.00401556
31	21	0.00076195
32	21	0.000109598
33	21	1.19503e-05
34	21	9.87757e-07
35	21	6.18897e-08
36	21	2.93957e-09
37	21	1.05839e-10
38	21	2.8887e-12
39	21	5.97667e-14
40	21	9.37371e-16
41	21	1.11445e-17
42	21	1.0044e-19
43	21	6.86196e-22
44	21	3.55376e-24
45	21	1.39516e-26
46	21	4.15202e-29
47	21	9.36674e-32
48	21	1.60182e-34
49	21	2.07653e-37

0	22	2.279e-37
1	22	1.75801e-34
2	22	1.028e-31
3	22	4.55686e-29
4	22	1.5312e-26
5	22	3.90027e-24
6	22	7.53104e-22
7	22	1.10233e-19
8	22	1.22312e-17
9	22	1.02877e-15
10	22	6.55943e-14
11	22	3.17037e-12
12	22	1.16159e-10
13	22	3.22619e-09
14	22	6.79243e-08
15	22	1.08407e-06
16	22	1.31155e-05
17	22	0.000120285
18	22	0.000836244
19	22	0.00440709
20	22	0.0176063
21	22	0.0533189
22	22	0.122403
23	22	0.213008
24	22	0.280996
25	22	0.280996
26	22	0.213008
27	22	0.122403
28	22	0.0533189
29	22	0.0176063
30	22	0.00440709
31	22	0.000836244
32	22	0.000120285
33	22	1.31155e-05
34	22	1.08407e-06
35	22	6.79243e-08
36	22	3.22619e-09
37	22	1.16159e-10
38	22	3.17037e-12
39	22	6.55943e-14
40	22	1.02877e-15
41	22	1.22312e-17
42	22	1.10233e-19
43	22	7.53104e-22
44	22	3.90027e-24
45	22	1.5312e-26
46	22	4.55686e-29
47	22	1.028e-31
48	22	1.75801e-34
49	22	2.279e-37

0	23	2.49089e-37
1	23	1.92146e-34
2	23	1.12358e-31
3	23	4.98054e-29
4	23	1.67356e-26
5	23	4.2629e-24
6	23	8.23124e-22
7	23	1.20482e-19
8	23	1.33684e-17
9	23	1.12442e-15
10	23	7.16929e-14
11	23	3.46514e-12
12	23	1.26958e-10
13	23	3.52615e-09
14	23	7.42395e-08
15	23	1.18486e-06
16	23	1.43349e-05
17	23	0.000131468
18	23	0.000913994
19	23	0.00481685
20	23	0.0192433
21	23	0.0582762
22	23	0.133783
23	23	0.232813
24	23	0.307122
25	23	0.307122
26	23	0.232813
27	23	0.133783
28	23	0.0582762
29	23	0.0192433
30	23	0.00481685
31	23	0.000913994
32	23	0.000131468
33	23	1.43349e-05
34	23	1.18486e-06
35	23	7.42395e-08
36	23	3.52615e-09
37	23	1.26958e-10
38	23	3.46514e-12
39	23	7.16929e-14
40	23	1.12442e-15
41	23	1.33684e-17
42	23	1.20482e-19
43	23	8.23124e-22
44	23	4.2629e-24
45	23	1.67356e-26
46	23	4.98054e-29
47	23	1.12358e-31
48	23	1.92146e-34
49	23	2.49089e-37

0	24	2.7122e-37
1	24	2.09218e-34
2	24	1.22341e-31
3	24	5.42304e-29
4	24	1.82226e-26
5	24	4.64165e-24
6	24	8.96256e-22
7	24	1.31187e-19
8	24	1.45561e-17
9	24	1.22432e-15
10	24	7.80626e-14
11	24	3.773e-12
12	24	1.38238e-10
13	24	3.83943e-09
14	24	8.08355e-08
15	24	1.29013e-06
16	24	1.56085e-05
17	24	0.000143149
18	24	0.0009952
19	24	0.00524481
20	24	0.020953
21	24	0.0634539
22	24	0.145669
23	24	0.253498
24	24	0.334408
25	24	0.334408
26	24	0.253498
27	24	0.145669
28	24	0.0634539
29	24	0.020953
30	24	0.00524481
31	24	0.0009952
32	24	0.000143149
33	24	1.56085e-05
34	24	1.29013e-06
35	24	8.08355e-08
36	24	3.83943e-09
37	24	1.38238e-10
38	24	3.773e-12
39	24	7.80626e-14
40	24	1.22432e-15
41	24	1.45561e-17
42	24	1.31187e-19
43	24	8.96256e-22
44	24	4.64165e-24
45	24	1.82226e-26
46	24	5.42304e-29
47	24	1.22341e-31
48	24	2.09218e-34
49	24	2.7122e-37

0	25	2.94292e-37
1	25	2.27016e-34
2	25	1.32749e-31
3	25	5.88438e-29
4	25	1.97727e-26
5	25	5.03651e-24
6	25	9.725e-22
7	25	1.42346e-19
8	25	1.57944e-17
9	25	1.32847e-15
10	25	8.47034e-14
11	25	4.09397e-12
12	25	1.49998e-10
13	25	4.16605e-09
14	25	8.77121e-08
15	25	1.39988e-06
16	25	1.69364e-05
17	25	0.000155327
18	25	0.00107986
19	25	0.00569098
20	25	0.0227354
21	25	0.0688519
22	25	0.158061
23	25	0.275063
24	25	0.362856
25	25	0.362856
26	25	0.275063
27	25	0.158061
28	25	0.0688519
29	25	0.0227354
30	25	0.00569098
31	25	0.00107986
32	25	0.000155327
33	25	1.69364e-05
34	25	1.39988e-06
35	25	8.77121e-08
36	25	4.16605e-09
37	25	1.49998e-10
38	25	4.09397e-12
39	25	8.47034e-14
40	25	1.32847e-15
41	25	1.57944e-17
42	25	1.42346e-19
43	25	9.725e-22
44	25	5.03651e-24
45	25	1.97727e-26
46	25	5.88438e-29
47	25	1.32749e-31
48	25	2.27016e-34
49	25	2.94292e-37

0	26	3.18306e-37
1	26	2.4554e-34
2	26	1.43581e-31
3	26	6.36454e-29
4	26	2.13862e-26
5	26	5.44749e-24
6	26	1.05186e-21
7	26	1.53962e-19
8	26	1.70832e-17
9	26	1.43688e-15
10	26	9.16152e-14
11	26	4.42804e-12
12	26	1.62238e-10
13	26	4.506e-09
14	26	9.48694e-08
15	26	1.51411e-06
16	26	1.83184e-05
17	26	0.000168001
18	26	0.00116798
19	26	0.00615536
20	26	0.0245906
21	26	0.0744702
22	26	0.170959
23	26	0.297508
24	26	0.392465
25	26	0.392465
26	26	0.297508
27	26	0.170959
28	26	0.0744702
29	26	0.0245906
30	26	0.00615536
31	26	0.00116798
32	26	0.000168001
33	26	1.83184e-05
34	26	1.51411e-06
35	26	9.48694e-08
36	26	4.506e-09
37	26	1.62238e-10
38	26	4.42804e-12
39	26	9.16152e-14
40	26	1.43688e-15
41	26	1.70832e-17
42	26	1.53962e-19
43	26	1.05186e-21
44	26	5.44749e-24
45	26	2.13862e-26
46	26	6.36454e-29
47	26	1.43581e-31
48	26	2.4554e-34
49	26	3.18306e-37

0	27	3.43262e-37
1	27	2.64791e-34
2	27	1.54838e-31
3	27	6.86354e-29
4	27	2.30629e-26
5	27	5.87459e-24
6	27	1.13432e-21
7	27	1.66033e-19
8	27	1.84225e-17
9	27	1.54953e-15
10	27	9.8798e-14
11	27	4.7752e-12
12	27	1.74958e-10
13	27	4.85928e-09
14	27	1.02307e-07
15	27	1.63282e-06
16	27	1.97546e-05
17	27	0.000181173
18	27	0.00125955
19	27	0.00663796
20	27	0.0265186
21	27	0.0803088
22	27	0.184363
23	27	0.320833
24	27	0.423236
25	27	0.423236
26	27	0.320833
27	27	0.184363
28	27	0.0803088
29	27	0.0265186
30	27	0.00663796
31	27	0.00125955
32	27	0.000181173
33	27	1.97546e-05
34	27	1.63282e-06
35	27	1.02307e-07
36	27	4.85928e-09
37	27	1.74958e-10
38	27	4.7752e-12
39	27	9.8798e-14
40	27	1.54953e-15
41	27	1.84225e-17
42	27	1.66033e-19
43	27	1.13432e-21
44	27	5.87459e-24
45	27	2.30629e-26
46	27	6.86354e-29
47	27	1.54838e-31
48	27	2.64791e-34
49	27	3.43262e-37

0	28	3.6916e-37
1	28	2.84768e-34
2	28	1.6652e-31
3	28	7.38136e-29
4	28	2.48029e-26
5	28	6.3178e-24
6	28	1.2199e-21
7	28	1.78559e-19
8	28	1.98125e-17
9	28	1.66644e-15
10	28	1.06252e-13
11	28	5.13547e-12
12	28	1.88158e-10
13	28	5.22589e-09
14	28	1.10026e-07
15	28	1.75601e-06
16	28	2.1245e-05
17	28	0.000194842
18	28	0.00135458
19	28	0.00713876
20	28	0.0285193
21	28	0.0863678
22	28	0.198272
23	28	0.345038
24	28	0.455167
25	28	0.455167
26	28	0.345038
27	28	0.198272
28	28	0.0863678
29	28	0.0285193
30	28	0.00713876
31	28	0.00135458
32	28	0.000194842
33	28	2.1245e-05
34	28	1.75601e-06
35	28	1.10026e-07
36	28	5.22589e-09
37	28	1.88158e-10
38	28	5.13547e-12
39	28	1.06252e-13
40	28	1.66644e-15
41	28	1.98125e-17
42	28	1.78559e-19
43	28	1.2199e-21
44	28	6.3178e-24
45	28	2.48029e-26
46	28	7.38136e-29
47	28	1.6652e-31
48	28	2.84768e-34
49	28	3.6916e-37

0	29	3.96e-37
1	29	3.05472e-34
2	29	1.78626e-31
3	29	7.91802e-29
4	29	2.66062e-26
5	29	6.77713e-24
6	29	1.3086e-21
7	29	1.91541e-19
8	29	2.12529e-17
9	29	1.78759e-15
10	29	1.13977e-13
11	29	5.50884e-12
12	29	2.01838e-10
13	29	5.60584e-09
14	29	1.18025e-07
15	29	1.88368e-06
16	29	2.27896e-05
17	29	0.000209007
18	29	0.00145306
19	29	0.00765778
20	29	0.0305928
21	29	0.092647
22	29	0.212687
23	29	0.370124
24	29	0.488259
25	29	0.488259
26	29	0.370124
27	29	0.212687
28	29	0.092647
29	29	0.0305928
30	29	0.00765778
31	29	0.00145306
32	29	0.000209007
33	29	2.27896e-05
34	29	1.88368e-06
35	29	1.18025e-07
36	29	5.60584e-09
37	29	2.01838e-10
38	29	5.50884e-12
39	29	1.13977e-13
40	29	1.78759e-15
41	29	2.12529e-17
42	29	1.91541e-19
43	29	1.3086e-21
44	29	6.77713e-24
45	29	2.66062e-26
46	29	7.91802e-29
47	29	1.78626e-31
48	29	3.05472e-34
49	29	3.96e-37

0	30	4.23781e-37
1	30	3.26903e-34
2	30	1.91158e-31
3	30	8.4735e-29
4	30	2.84727e-26
5	30	7.25257e-24
6	30	1.4004e-21
7	30	2.04979e-19
8	30	2.27439e-17
9	30	1.913e-15
10	30	1.21973e-13
11	30	5.89532e-12
12	30	2.15997e-10
13	30	5.99911e-09
14	30	1.26305e-07
15	30	2.01583e-06
16	30	2.43884e-05
17	30	0.00022367
18	30	0.001555
19	30	0.00819501
20	30	0.032739
21	30	0.0991467
22	30	0.227608
23	30	0.39609
24	30	0.522513
25	30	0.522513
26	30	0.39609
27	30	0.227608
28	30	0.0991467
29	30	0.032739
30	30	0.00819501
31	30	0.001555
32	30	0.00022367
33	30	2.43884e-05
34	30	2.01583e-06
35	30	1.26305e-07
36	30	5.99911e-09
37	30	2.15997e-10
38	30	5.89532e-12
39	30	1.21973e-13
40	30	1.913e-15
41	30	2.27439e-17
42	30	2.04979e-19
43	30	1.4004e-21
44	30	7.25257e-24
45	30	2.84727e-26
46	30	8.4735e-29
47	30	1.91158e-31
48	30	3.26903e-34
49	30	4.23781e-37

0	31	4.52504e-37
1	31	3.49059e-34
2	31	2.04114e-31
3	31	9.04782e-29
4	31	3.04026e-26
5	31	7.74414e-24
6	31	1.49532e-21
7	31	2.18872e-19
8	31	2.42854e-17
9	31	2.04266e-15
10	31	1.3024e-13
11	31	6.29489e-12
12	31	2.30637e-10
13	31	6.40572e-09
14	31	1.34866e-07
15	31	2.15246e-06
16	31	2.60413e-05
17	31	0.00023883
18	31	0.00166039
19	31	0.00875045
20	31	0.034958
21	31	0.105867
22	31	0.243035
23	31	0.422936
24	31	0.557928
25	31	0.557928
26	31	0.422936
27	31	0.243035
28	31	0.105867
29	31	0.034958
30	31	0.00875045
31	31	0.00166039
32	31	0.00023883
33	31	2.60413e-05
34	31	2.15246e-06
35	31	1.34866e-07
36	31	6.40572e-09
37	31	2.30637e-10
38	31	6.29489e-12
39	31	1.3024e-13
40	31	2.04266e-15
41	31	2.42854e-17
42	31	2.18872e-19
43	31	1.49532e-21
44	31	7.74414e-24
45	31	3.04026e-26
46	31	9.04782e-29
47	31	2.04114e-31
48	31	3.49059e-34
49	31	4.52504e-37

0	32	4.82168e-37
1	32	3.71942e-34
2	32	2.17495e-31
3	32	9.64097e-29
4	32	3.23956e-26
5	32	8.25182e-24
6	32	1.59334e-21
7	32	2.3322e-19
8	32	2.58775e-17
9	32	2.17657e-15
10	32	1.38778e-13
11	32	6.70756e-12
12	32	2.45757e-10
13	32	6.82566e-09
14	32	1.43708e-07
15	32	2.29357e-06
16	32	2.77485e-05
17	32	0.000254487
18	32	0.00176924
19	32	0.0093241
20	32	0.0372497
21	32	0.112807
22	32	0.258967
23	32	0.450662
24	32	0.594504
25	32	0.594504
26	32	0.450662
27	32	0.258967
28	32	0.112807
29	32	0.0372497
30	32	0.0093241
31	32	0.00176924
32	32	0.000254487
33	32	2.77485e-05
34	32	2.29357e-06
35	32	1.43708e-07
36	32	6.82566e-09
37	32	2.45757e-10
38	32	6.70756e-12
39	32	1.38778e-13
40	32	2.17657e-15
41	32	2.58775e-17
42	32	2.3322e-19
43	32	1.59334e-21
44	32	8.25182e-24
45	32	3.23956e-26
46	32	9.64097e-29
47	32	2.17495e-31
48	32	3.71942e-34
49	32	4.82168e-37

0	33	5.12775e-37
1	33	3.95552e-34
2	33	2.31301e-31
3	33	1.02529e-28
4	33	3.4452e-26
5	33	8.77562e-24
6	33	1.69448e-21
7	33	2.48025e-19
8	33	2.75201e-17
9	33	2.31473e-15
10	33	1.47587e-13
11	33	7.13333e-12
12	33	2.61357e-10
13	33	7.25893e-09
14	33	1.5283e-07
15	33	2.43916e-06
16	33	2.95099e-05
17	33	0.000270641
18	33	0.00188155
19	33	0.00991596
20	33	0.0396142
21	33	0.119967
22	33	0.275406
23	33	0.479269
24	33	0.632241
25	33	0.632241
26	33	0.479269
27	33	0.275406
28	33	0.119967
29	33	0.0396142
30	33	0.00991596
31	33	0.00188155
32	33	0.000270641
33	33	2.95099e-05
34	33	2.43916e-06
35	33	1.5283e-07
36	33	7.25893e-09
37	33	2.61357e-10
38	33	7.13333e-12
39	33	1.47587e-13
40	33	2.31473e-15
41	33	2.75201e-17
42	33	2.48025e-19
43	33	1.69448e-21
44	33	8.77562e-24
45	33	3.4452e-26
46	33	1.02529e-28
47	33	2.31301e-31
48	33	3.95552e-34
49	33	5.12775e-37

0	34	5.44323e-37
1	34	4.19888e-34
2	34	2.45532e-31
3	34	1.08837e-28
4	34	3.65717e-26
5	34	9.31553e-24
6	34	1.79874e-21
7	34	2.63284e-19
8	34	2.92133e-17
9	34	2.45715e-15
10	34	1.56667e-13
11	34	7.57221e-12
12	34	2.77437e-10
13	34	7.70553e-09
14	34	1.62232e-07
15	34	2.58922e-06
16	34	3.13255e-05
17	34	0.000287292
18	34	0.00199731
19	34	0.010526
20	34	0.0420514
21	34	0.127348
22	34	0.29235
23	34	0.508756
24	34	0.671139
25	34	0.671139
26	34	0.508756
27	34	0.29235
28	34	0.127348
29	34	0.0420514
30	34	0.010526
31	34	0.00199731
32	34	0.000287292
33	34	3.13255e-05
34	34	2.58922e-06
35	34	1.62232e-07
36	34	7.70553e-09
37	34	2.77437e-10
38	34	7.57221e-12
39	34	1.56667e-13
40	34	2.45715e-15
41	34	2.92133e-17
42	34	2.63284e-19
43	34	1.79874e-21
44	34	9.31553e-24
45	34	3.65717e-26
46	34	1.08837e-28
47	34	2.45532e-31
48	34	4.19888e-34
49	34	5.44323e-37

0	35	5.76813e-37
1	35	4.44951e-34
2	35	2.60187e-31
3	35	1.15334e-28
4	35	3.87546e-26
5	35	9.87156e-24
6	35	1.9061e-21
7	35	2.78999e-19
8	35	3.0957e-17
9	35	2.60381e-15
10	35	1.66019e-13
11	35	8.02418e-12
12	35	2.93997e-10
13	35	8.16546e-09
14	35	1.71916e-07
15	35	2.74377e-06
16	35	3.31953e-05
17	35	0.00030444
18	35	0.00211653
19	35	0.0111543
20	35	0.0445614
21	35	0.13495
22	35	0.3098
23	35	0.539123
24	35	0.711198
25	35	0.711198
26	35	0.539123
27	35	0.3098
28	35	0.13495
29	35	0.0445614
30	35	0.0111543
31	35	0.00211653
32	35	0.00030444
33	35	3.31953e-05
34	35	2.74377e-06
35	35	1.71916e-07
36	35	8.16546e-09
37	35	2.93997e-10
38	35	8.02418e-12
39	35	1.66019e-13
40	35	2.60381e-15
41	35	3.0957e-17
42	35	2.78999e-19
43	35	1.9061e-21
44	35	9.87156e-24
45	35	3.87546e-26
46	35	1.15334e-28
47	35	2.60187e-31
48	35	4.44951e-34
49	35	5.76813e-37

0	36	6.10244e-37
1	36	4.7074e-34
2	36	2.75267e-31
3	36	1.22018e-28
4	36	4.10007e-26
5	36	1.04437e-23
6	36	2.01658e-21
7	36	2.9517e-19
8	36	3.27512e-17
9	36	2.75472e-15
10	36	1.75641e-13
11	36	8.48925e-12
12	36	3.11036e-10
13	36	8.63872e-09
14	36	1.8188e-07
15	36	2.9028e-06
16	36	3.51192e-05
17	36	0.000322085
18	36	0.0022392
19	36	0.0118008
20	36	0.0471442
21	36	0.142771
22	36	0.327756
23	36	0.57037
24	36	0.752419
25	36	0.752419
26	36	0.57037
27	36	0.327756
28	36	0.142771
29	36	0.0471442
30	36	0.0118008
31	36	0.0022392
32	36	0.000322085
33	36	3.51192e-05
34	36	2.9028e-06
35	36	1.8188e-07
36	36	8.63872e-09
37	36	3.11036e-10
38	36	8.48925e-12
39	36	1.75641e-13
40	36	2.75472e-15
41	36	3.27512e-17
42	36	2.9517e-19
43	36	2.01658e-21
44	36	1.04437e-23
45	36	4.10007e-26
46	36	1.22018e-28
47	36	2.75267e-31
48	36	4.7074e-34
49	36	6.10244e-37

0	37	6.44618e-37
1	37	4.97255e-34
2	37	2.90772e-31
3	37	1.28891e-28
4	37	4.33102e-26
5	37	1.1032e-23
6	37	2.13016e-21
7	37	3.11796e-19
8	37	3.4596e-17
9	37	2.90989e-15
10	37	1.85534e-13
11	37	8.96743e-12
12	37	3.28556e-10
13	37	9.12532e-09
14	37	1.92125e-07
15	37	3.0663e-06
16	37	3.70974e-05
17	37	0.000340227
18	37	0.00236533
19	37	0.0124655
20	37	0.0497997
21	37	0.150813
22	37	0.346217
23	37	0.602497
24	37	0.794801
25	37	0.794801
26	37	0.602497
27	37	0.346217
28	37	0.150813
29	37	0.0497997
30	37	0.0124655
31	37	0.00236533
32	37	0.000340227
33	37	3.70974e-05
34	37	3.0663e-06
35	37	1.92125e-07
36	37	9.12532e-09
37	37	3.28556e-10
38	37	8.96743e-12
39	37	1.85534e-13
40	37	2.90989e-15
41	37	3.4596e-17
42	37	3.11796e-19
43	37	2.13016e-21
44	37	1.1032e-23
45	37	4.33102e-26
46	37	1.28891e-28
47	37	2.90772e-31
48	37	4.97255e-34
49	37	6.44618e-37

0	38	6.79933e-37
1	38	5.24497e-34
2	38	3.06702e-31
3	38	1.35953e-28
4	38	4.56829e-26
5	38	1.16364e-23
6	38	2.24686e-21
7	38	3.28877e-19
8	38	3.64913e-17
9	38	3.06931e-15
10	38	1.95699e-13
11	38	9.45871e-12
12	38	3.46556e-10
13	38	9.62524e-09
14	38	2.0265e-07
15	38	3.23429e-06
16	38	3.91298e-05
17	38	0.000358866
18	38	0.00249491
19	38	0.0131484
20	38	0.0525279
21	38	0.159075
22	38	0.365184
23	38	0.635505
24	38	0.838343
25	38	0.838343
26	38	0.635505
27	38	0.365184
28	38	0.159075
29	38	0.0525279
30	38	0.0131484
31	38	0.00249491
32	38	0.000358866
33	38	3.91298e-05
34	38	3.23429e-06
35	38	2.0265e-07
36	38	9.62524e-09
37	38	3.46556e-10
38	38	9.45871e-12
39	38	1.95699e-13
40	38	3.06931e-15
41	38	3.64913e-17
42	38	3.28877e-19
43	38	2.24686e-21
44	38	1.16364e-23
45	38	4.56829e-26
46	38	1.35953e-28
47	38	3.06702e-31
48	38	5.24497e-34
49	38	6.79933e-37

0	39	7.1619e-37
1	39	5.52465e-34
2	39	3.23057e-31
3	39	1.43202e-28
4	39	4.81189e-26
5	39	1.22569e-23
6	39	2.36668e-21
7	39	3.46414e-19
8	39	3.84372e-17
9	39	3.23297e-15
10	39	2.06134e-13
11	39	9.96308e-12
12	39	3.65036e-10
13	39	1.01385e-08
14	39	2.13456e-07
15	39	3.40675e-06
16	39	4.12163e-05
17	39	0.000378003
18	39	0.00262795
19	39	0.0138496
20	39	0.0553289
21	39	0.167558
22	39	0.384658
23	39	0.669392
24	39	0.883047
25	39	0.883047
26	39	0.669392
27	39	0.384658
28	39	0.167558
29	39	0.0553289
30	39	0.0138496
31	39	0.00262795
32	39	0.000378003
33	39	4.12163e-05
34	39	3.40675e-06
35	39	2.13456e-07
36	39	1.01385e-08
37	39	3.65036e-10
38	39	9.96308e-12
39	39	2.06134e-13
40	39	3.23297e-15
41	39	3.84372e-17
42	39	3.46414e-19
43	39	2.36668e-21
44	39	1.22569e-23
45	39	4.81189e-26
46	39	1.43202e-28
47	39	3.23057e-31
48	39	5.52465e-34
49	39	7.1619e-37

0	40	7.53388e-37
1	40	5.8116e-34
2	40	3.39836e-31
3	40	1.5064e-28
4	40	5.06182e-26
5	40	1.28935e-23
6	40	2.4896e-21
7	40	3.64407e-19
8	40	4.04336e-17
9	40	3.40089e-15
10	40	2.16841e-13
11	40	1.04806e-11
12	40	3.83995e-10
13	40	1.06651e-08
14	40	2.24543e-07
15	40	3.5837e-06
16	40	4.33571e-05
17	40	0.000397636
18	40	0.00276444
19	40	0.0145689
20	40	0.0582027
21	40	0.176261
22	40	0.404637
23	40	0.70416
24	40	0.928912
25	40	0.928912
26	40	0.70416
27	40	0.404637
28	40	0.176261
29	40	0.0582027
30	40	0.0145689
31	40	0.00276444
32	40	0.000397636
33	40	4.33571e-05
34	40	3.5837e-06
35	40	2.24543e-07
36	40	1.06651e-08
37	40	3.83995e-10
38	40	1.04806e-11
39	40	2.16841e-13
40	40	3.40089e-15
41	40	4.04336e-17
42	40	3.64407e-19
43	40	2.4896e-21
44	40	1.28935e-23
45	40	5.06182e-26
46	40	1.5064e-28
47	40	3.39836e-31
48	40	5.8116e-34
49	40	7.53388e-37

0	41	7.79611e-37
1	41	6.01389e-34
2	41	3.51665e-31
3	41	1.55883e-28
4	41	5.23801e-26
5	41	1.33423e-23
6	41	2.57626e-21
7	41	3.77091e-19
8	41	4.1841e-17
9	41	3.51927e-15
10	41	2.24388e-13
11	41	1.08454e-11
12	41	3.97361e-10
13	41	1.10363e-08
14	41	2.32359e-07
15	41	3.70844e-06
16	41	4.48662e-05
17	41	0.000411476
18	41	0.00286067
19	41	0.015076
20	41	0.0602285
21	41	0.182396
22	41	0.418721
23	41	0.72867
24	41	0.961245
25	41	0.961245
26	41	0.72867
27	41	0.418721
28	41	0.182396
29	41	0.0602285
30	41	0.015076
31	41	0.00286067
32	41	0.000411476
33	41	4.48662e-05
34	41	3.70844e-06
35	41	2.32359e-07
36	41	1.10363e-08
37	41	3.97361e-10
38	41	1.08454e-11
39	41	2.24388e-13
40	41	3.51927e-15
41	41	4.1841e-17
42	41	3.77091e-19
43	41	2.57626e-21
44	41	1.33423e-23
45	41	5.23801e-26
46	41	1.55883e-28
47	41	3.51665e-31
48	41	6.01389e-34
49	41	7.79611e-37

0	42	6.65819e-37
1	42	5.1361e-34
2	42	3.00336e-31
3	42	1.33131e-28
4	42	4.47347e-26
5	42	1.13948e-23
6	42	2.20023e-21
7	42	3.22051e-19
8	42	3.57338e-17
9	42	3.00559e-15
10	42	1.91636e-13
11	42	9.26237e-12
12	42	3.39362e-10
13	42	9.42545e-09
14	42	1.98444e-07
15	42	3.16715e-06
16	42	3.83175e-05
17	42	0.000351417
18	42	0.00244312
19	42	0.0128755
20	42	0.0514376
21	42	0.155773
22	42	0.357604
23	42	0.622313
24	42	0.820941
25	42	0.820941
26	42	0.622313
27	42	0.357604
28	42	0.155773
29	42	0.0514376
30	42	0.0128755
31	42	0.00244312
32	42	0.000351417
33	42	3.83175e-05
34	42	3.16715e-06
35	42	1.98444e-07
36	42	9.42545e-09
37	42	3.39362e-10
38	42	9.26237e-12
39	42	1.91636e-13
40	42	3.00559e-15
41	42	3.57338e-17
42	42	3.22051e-19
43	42	2.20023e-21
44	42	1.13948e-23
45	42	4.47347e-26
46	42	1.33131e-28
47	42	3.00336e-31
48	42	5.1361e-34
49	42	6.65819e-37

0	43	4.55328e-37
1	43	3.51238e-34
2	43	2.05388e-31
3	43	9.10429e-29
4	43	3.05923e-26
5	43	7.79247e-24
6	43	1.50465e-21
7	43	2.20238e-19
8	43	2.4437e-17
9	43	2.05541e-15
10	43	1.31053e-13
11	43	6.33418e-12
12	43	2.32077e-10
13	43	6.4457e-09
14	43	1.35708e-07
15	43	2.16589e-06
16	43	2.62039e-05
17	43	0.000240321
18	43	0.00167076
19	43	0.00880507
20	43	0.0351762
21	43	0.106527
22	43	0.244552
23	43	0.425576
24	43	0.56141
25	43	0.56141
26	43	0.425576
27	43	0.244552
28	43	0.106527
29	43	0.0351762
30	43	0.00880507
31	43	0.00167076
32	43	0.000240321
33	43	2.62039e-05
34	43	2.16589e-06
35	43	1.35708e-07
36	43	6.4457e-09
37	43	2.32077e-10
38	43	6.33418e-12
39	43	1.31053e-13
40	43	2.05541e-15
41	43	2.4437e-17
42	43	2.20238e-19
43	43	1.50465e-21
44	43	7.79247e-24
45	43	3.05923e-26
46	43	9.10429e-29
47	43	2.05388e-31
48	43	3.51238e-34
49	43	4.55328e-37

0	44	2.49335e-37
1	44	1.92336e-34
2	44	1.12469e-31
3	44	4.98545e-29
4	44	1.67522e-26
5	44	4.26711e-24
6	44	8.23936e-22
7	44	1.20601e-19
8	44	1.33815e-17
9	44	1.12553e-15
10	44	7.17637e-14
11	44	3.46855e-12
12	44	1.27084e-10
13	44	3.52962e-09
14	44	7.43128e-08
15	44	1.18603e-06
16	44	1.43491e-05
17	44	0.000131598
18	44	0.000914896
19	44	0.0048216
20	44	0.0192622
21	44	0.0583337
22	44	0.133915
23	44	0.233043
24	44	0.307425
25	44	0.307425
26	44	0.233043
27	44	0.133915
28	44	0.0583337
29	44	0.0192622
30	44	0.0048216
31	44	0.000914896
32	44	0.000131598
33	44	1.43491e-05
34	44	1.18603e-06
35	44	7.43128e-08
36	44	3.52962e-09
37	44	1.27084e-10
38	44	3.46855e-12
39	44	7.17637e-14
40	44	1.12553e-15
41	44	1.33815e-17
42	44	1.20601e-19
43	44	8.23936e-22
44	44	4.26711e-24
45	44	1.67522e-26
46	44	4.98545e-29
47	44	1.12469e-31
48	44	1.92336e-34
49	44	2.49335e-37

0	45	1.09328e-37
1	45	8.43351e-35
2	45	4.93153e-32
3	45	2.18601e-29
4	45	7.34546e-27
5	45	1.87104e-24
6	45	3.61278e-22
7	45	5.28809e-20
8	45	5.86752e-18
9	45	4.93521e-16
10	45	3.14668e-14
11	45	1.52089e-12
12	45	5.57235e-11
13	45	1.54766e-09
14	45	3.25846e-08
15	45	5.20049e-07
16	45	6.29176e-06
17	45	5.77029e-05
18	45	0.000401162
19	45	0.00211417
20	45	0.00844608
21	45	0.0255781
22	45	0.0587188
23	45	0.102184
24	45	0.134799
25	45	0.134799
26	45	0.102184
27	45	0.0587188
28	45	0.0255781
29	45	0.00844608
30	45	0.00211417
31	45	0.000401162
32	45	5.77029e-05
33	45	6.29176e-06
34	45	5.20049e-07
35	45	3.25846e-08
36	45	1.54766e-09
37	45	5.57235e-11
38	45	1.52089e-12
39	45	3.14668e-14
40	45	4.93521e-16
41	45	5.86752e-18
42	45	5.28809e-20
43	45	3.61278e-22
44	45	1.87104e-24
45	45	7.34546e-27
46	45	2.18601e-29
47	45	4.93153e-32
48	45	8.43351e-35
49	45	1.09328e-37

0	46	3.83857e-38
1	46	2.96106e-35
2	46	1.73149e-32
3	46	7.67523e-30
4	46	2.57904e-27
5	46	6.56932e-25
6	46	1.26847e-22
7	46	1.85668e-20
8	46	2.06012e-18
9	46	1.73278e-16
10	46	1.10482e-14
11	46	5.33993e-13
12	46	1.95649e-11
13	46	5.43395e-10
14	46	1.14406e-08
15	46	1.82592e-07
16	46	2.20908e-06
17	46	2.02599e-05
18	46	0.000140851
19	46	0.000742297
20	46	0.00296547
21	46	0.00898063
22	46	0.0206166
23	46	0.0358775
24	46	0.0473288
25	46	0.0473288
26	46	0.0358775
27	46	0.0206166
28	46	0.00898063
29	46	0.00296547
30	46	0.000742297
31	46	0.000140851
32	46	2.02599e-05
33	46	2.20908e-06
34	46	1.82592e-07
35	46	1.14406e-08
36	46	5.43395e-10
37	46	1.95649e-11
38	46	5.33993e-13
39	46	1.10482e-14
40	46	1.73278e-16
41	46	2.06012e-18
42	46	1.85668e-20
43	46	1.26847e-22
44	46	6.56932e-25
45	46	2.57904e-27
46	46	7.67523e-30
47	46	1.73149e-32
48	46	2.96106e-35
49	46	3.83857e-38

0	47	1.07919e-38
1	47	8.32483e-36
2	47	4.86799e-33
3	47	2.15784e-30
4	47	7.25081e-28
5	47	1.84693e-25
6	47	3.56623e-23
7	47	5.21995e-21
8	47	5.79191e-19
9	47	4.87161e-17
10	47	3.10613e-15
11	47	1.50129e-13
12	47	5.50054e-12
13	47	1.52772e-10
14	47	3.21647e-09
15	47	5.13347e-08
16	47	6.21069e-07
17	47	5.69594e-06
18	47	3.95993e-05
19	47	0.000208692
20	47	0.000833724
21	47	0.00252485
22	47	0.00579622
23	47	0.0100867
24	47	0.0133062
25	47	0.0133062
26	47	0.0100867
27	47	0.00579622
28	47	0.00252485
29	47	0.000833724
30	47	0.000208692
31	47	3.95993e-05
32	47	5.69594e-06
33	47	6.21069e-07
34	47	5.13347e-08
35	47	3.21647e-09
36	47	1.52772e-10
37	47	5.50054e-12
38	47	1.50129e-13
39	47	3.10613e-15
40	47	4.87161e-17
41	47	5.79191e-19
42	47	5.21995e-21
43	47	3.56623e-23
44	47	1.84693e-25
45	47	7.25081e-28
46	47	2.15784e-30
47	47	4.86799e-33
48	47	8.32483e-36
49	47	1.07919e-38

0	48	2.4295e-39
1	48	1.87411e-36
2	48	1.09589e-33
3	48	4.85779e-31
4	48	1.63232e-28
5	48	4.15785e-26
6	48	8.02839e-24
7	48	1.17513e-21
8	48	1.30389e-19
9	48	1.09671e-17
10	48	6.99261e-16
11	48	3.37974e-14
12	48	1.2383e-12
13	48	3.43925e-11
14	48	7.24099e-10
15	48	1.15566e-08
16	48	1.39817e-07
17	48	1.28228e-06
18	48	8.91469e-06
19	48	4.69814e-05
20	48	0.00018769
21	48	0.0005684
22	48	0.00130486
23	48	0.00227075
24	48	0.00299553
25	48	0.00299553
26	48	0.00227075
27	48	0.00130486
28	48	0.0005684
29	48	0.00018769
30	48	4.69814e-05
31	48	8.91469e-06
32	48	1.28228e-06
33	48	1.39817e-07
34	48	1.15566e-08
35	48	7.24099e-10
36	48	3.43925e-11
37	48	1.2383e-12
38	48	3.37974e-14
39	48	6.99261e-16
40	48	1.09671e-17
41	48	1.30389e-19
42	48	1.17513e-21
43	48	8.02839e-24
44	48	4.15785e-26
45	48	1.63232e-28
46	48	4.85779e-31
47	48	1.09589e-33
48	48	1.87411e-36
49	48	2.4295e-39

0	49	4.37951e-40
1	49	3.37834e-37
2	49	1.9755e-34
3	49	8.75684e-32
4	49	2.94248e-29
5	49	7.49509e-27
6	49	1.44723e-24
7	49	2.11833e-22
8	49	2.35044e-20
9	49	1.97697e-18
10	49	1.26051e-16
11	49	6.09244e-15
12	49	2.2322e-13
13	49	6.19971e-12
14	49	1.30529e-10
15	49	2.08324e-09
16	49	2.52039e-08
17	49	2.31149e-07
18	49	1.607e-06
19	49	8.46904e-06
20	49	3.38337e-05
21	49	0.000102462
22	49	0.000235219
23	49	0.000409335
24	49	0.000539985
25	49	0.000539985
26	49	0.000409335
27	49	0.000235219
28	49	0.000102462
29	49	3.38337e-05
30	49	8.46904e-06
31	49	1.607e-06
32	49	2.31149e-07
33	49	2.52039e-08
34	49	2.08324e-09
35	49	1.30529e-10
36	49	6.19971e-12
37	49	2.2322e-13
38	49	6.09244e-15
39	49	1.26051e-16
40	49	1.97697e-18
41	49	2.35044e-20
42	49	2.11833e-22
43	49	1.44723e-24
44	49	7.49509e-27
45	49	2.94248e-29
46	49	8.75684e-32
47	49	1.9755e-34
48	49	3.37834e-37
49	49	4.37951e-40

0	50	6.32154e-41
1	50	4.87643e-38
2	50	2.85152e-35
3	50	1.264e-32
4	50	4.2473e-30
5	50	1.08187e-27
6	50	2.08899e-25
7	50	3.05769e-23
8	50	3.39272e-21
9	50	2.85364e-19
10	50	1.81948e-17
11	50	8.79409e-16
12	50	3.22205e-14
13	50	8.94892e-13
14	50	1.88411e-11
15	50	3.00703e-10
16	50	3.63803e-09
17	50	3.33651e-08
18	50	2.3196e-07
19	50	1.22246e-06
20	50	4.8837e-06
21	50	1.47898e-05
22	50	3.39525e-05
23	50	5.90851e-05
24	50	7.79437e-05
25	50	7.79437e-05
26	50	5.90851e-05
27	50	3.39525e-05
28	50	1.47898e-05
29	50	4.8837e-06
30	50	1.22246e-06
31	50	2.3196e-07
32	50	3.33651e-08
33	50	3.63803e-09
34	50	3.00703e-10
35	50	1.88411e-11
36	50	8.94892e-13
37	50	3.22205e-14
38	50	8.79409e-16
39	50	1.81948e-17
40	50	2.85364e-19
41	50	3.39272e-21
42	50	3.05769e-23
43	50	2.08899e-25
44	50	1.08187e-27
45	50	4.2473e-30
46	50	1.264e-32
47	50	2.85152e-35
48	50	4.87643e-38
49	50	6.32154e-41

0	51	7.30637e-42
1	51	5.63626e-39
2	51	3.29583e-36
3	51	1.46095e-33
4	51	4.90911e-31
5	51	1.25045e-28
6	51	2.41449e-26
7	51	3.53413e-24
8	51	3.92137e-22
9	51	3.29829e-20
10	51	2.10299e-18
11	51	1.01644e-16
12	51	3.7241e-15
13	51	1.03433e-13
14	51	2.17769e-12
15	51	3.47558e-11
16	51	4.2049e-10
17	51	3.85639e-09
18	51	2.68104e-08
19	51	1.41294e-07
20	51	5.64467e-07
21	51	1.70943e-06
22	51	3.92429e-06
23	51	6.82916e-06
24	51	9.00887e-06
25	51	9.00887e-06
26	51	6.82916e-06
27	51	3.92429e-06
28	51	1.70943e-06
29	51	5.64467e-07
30	51	1.41294e-07
31	51	2.68104e-08
32	51	3.85639e-09
33	51	4.2049e-10
34	51	3.47558e-11
35	51	2.17769e-12
36	51	1.03433e-13
37	51	3.7241e-15
38	51	1.01644e-16
39	51	2.10299e-18
40	51	3.29829e-20
41	51	3.92137e-22
42	51	3.53413e-24
43	51	2.41449e-26
44	51	1.25045e-28
45	51	4.90911e-31
46	51	1.46095e-33
47	51	3.29583e-36
48	51	5.63626e-39
49	51	7.30637e-42

0	52	6.76827e-43
1	52	5.21639e-40
2	52	3.05031e-37
3	52	1.35212e-34
4	52	4.5434e-32
5	52	1.15729e-29
6	52	2.23462e-27
7	52	3.27085e-25
8	52	3.62925e-23
9	52	3.05258e-21
10	52	1.94632e-19
11	52	9.40717e-18
12	52	3.44668e-16
13	52	9.5728e-15
14	52	2.01546e-13
15	52	3.21666e-12
16	52	3.89165e-11
17	52	3.56911e-10
18	52	2.48132e-09
19	52	1.30768e-08
20	52	5.22417e-08
21	52	1.58209e-07
22	52	3.63195e-07
23	52	6.32042e-07
24	52	8.33775e-07
25	52	8.33775e-07
26	52	6.32042e-07
27	52	3.63195e-07
28	52	1.58209e-07
29	52	5.22417e-08
30	52	1.30768e-08
31	52	2.48132e-09
32	52	3.56911e-10
33	52	3.89165e-11
34	52	3.21666e-12
35	52	2.01546e-13
36	52	9.5728e-15
37	52	3.44668e-16
38	52	9.40717e-18
39	52	1.94632e-19
40	52	3.05258e-21
41	52	3.62925e-23
42	52	3.27085e-25
43	52	2.23462e-27
44	52	1.15729e-29
45	52	4.5434e-32
46	52	1.35212e-34
47	52	3.05031e-37
48	52	5.21639e-40
49	52	6.76827e-43

0	53	5.04467e-44
1	53	3.86576e-41
2	53	2.26055e-38
3	53	1.00204e-35
4	53	3.36706e-33
5	53	8.57657e-31
6	53	1.65605e-28
7	53	2.42399e-26
8	53	2.68959e-24
9	53	2.26223e-22
10	53	1.4424e-20
11	53	6.97153e-19
12	53	2.55429e-17
13	53	7.09428e-16
14	53	1.49363e-14
15	53	2.38383e-13
16	53	2.88406e-12
17	53	2.64502e-11
18	53	1.83887e-10
19	53	9.69105e-10
20	53	3.87157e-09
21	53	1.17246e-08
22	53	2.69159e-08
23	53	4.68398e-08
24	53	6.179e-08
25	53	6.179e-08
26	53	4.68398e-08
27	53	2.69159e-08
28	53	1.17246e-08
29	53	3.87157e-09
30	53	9.69105e-10
31	53	1.83887e-10
32	53	2.64502e-11
33	53	2.88406e-12
34	53	2.38383e-13
35	53	1.49363e-14
36	53	7.09428e-16
37	53	2.55429e-17
38	53	6.97153e-19
39	53	1.4424e-20
40	53	2.26223e-22
41	53	2.68959e-24
42	53	2.42399e-26
43	53	1.65605e-28
44	53	8.57657e-31
45	53	3.36706e-33
46	53	1.00204e-35
47	53	2.26055e-38
48	53	3.86576e-41
49	53	5.04467e-44

0	54	2.8026e-45
1	54	2.29393e-42
2	54	1.34144e-39
3	54	5.94625e-37
4	54	1.99806e-34
5	54	5.08947e-32
6	54	9.82726e-30
7	54	1.43843e-27
8	54	1.59604e-25
9	54	1.34244e-23
10	54	8.5594e-22
11	54	4.13702e-20
12	54	1.51575e-18
13	54	4.20986e-17
14	54	8.86344e-16
15	54	1.4146e-14
16	54	1.71144e-13
17	54	1.5696e-12
18	54	1.09122e-11
19	54	5.75082e-11
20	54	2.29745e-10
21	54	6.95758e-10
22	54	1.59723e-09
23	54	2.77955e-09
24	54	3.66672e-09
25	54	3.66672e-09
26	54	2.77955e-09
27	54	1.59723e-09
28	54	6.95758e-10
29	54	2.29745e-10
30	54	5.75082e-11
31	54	1.09122e-11
32	54	1.5696e-12
33	54	1.71144e-13
34	54	1.4146e-14
35	54	8.86344e-16
36	54	4.20986e-17
37	54	1.51575e-18
38	54	4.13702e-20
39	54	8.5594e-22
40	54	1.34244e-23
41	54	1.59604e-25
42	54	1.43843e-27
43	54	9.82726e-30
44	54	5.08947e-32
45	54	1.99806e-34
46	54	5.94625e-37
47	54	1.34144e-39
48	54	2.29393e-42
49	54	2.8026e-45

0	55	0
1	55	1.09301e-43
2	55	6.37423e-41
3	55	2.82549e-38
4	55	9.49424e-36
5	55	2.41837e-33
6	55	4.66964e-31
7	55	6.83503e-29
8	55	7.58396e-27
9	55	6.37891e-25
10	55	4.06719e-23
11	55	1.96579e-21
12	55	7.20244e-20
13	55	2.00041e-18
14	55	4.21166e-17
15	55	6.72179e-16
16	55	8.1323e-15
17	55	7.45829e-14
18	55	5.18515e-13
19	55	2.73263e-12
20	55	1.09168e-11
21	55	3.30605e-11
22	55	7.5896e-11
23	55	1.32076e-10
24	55	1.74232e-10
25	55	1.74232e-10
26	55	1.32076e-10
27	55	7.5896e-11
28	55	3.30605e-11
29	55	1.09168e-11
30	55	2.73263e-12
31	55	5.18515e-13
32	55	7.45829e-14
33	55	8.1323e-15
34	55	6.72179e-16
35	55	4.21166e-17
36	55	2.00041e-18
37	55	7.20244e-20
38	55	1.96579e-21
39	55	4.06719e-23
40	55	6.37891e-25
41	55	7.58396e-27
42	55	6.83503e-29
43	55	4.66964e-31
44	55	2.41837e-33
45	55	9.49424e-36
46	55	2.82549e-38
47	55	6.37423e-41
48	55	1.09301e-43
49	55	0

0	56	0
1	56	4.2039e-45
2	56	2.42565e-42
3	56	1.07506e-39
4	56	3.61243e-37
5	56	9.20158e-35
6	56	1.77673e-32
7	56	2.60063e-30
8	56	2.88559e-28
9	56	2.42709e-26
10	56	1.54751e-24
11	56	7.47958e-23
12	56	2.74043e-21
13	56	7.61127e-20
14	56	1.60248e-18
15	56	2.55755e-17
16	56	3.09423e-16
17	56	2.83778e-15
18	56	1.97288e-14
19	56	1.03973e-13
20	56	4.1537e-13
21	56	1.25791e-12
22	56	2.88774e-12
23	56	5.02532e-12
24	56	6.62929e-12
25	56	6.62929e-12
26	56	5.02532e-12
27	56	2.88774e-12
28	56	1.25791e-12
29	56	4.1537e-13
30	56	1.03973e-13
31	56	1.97288e-14
32	56	2.83778e-15
33	56	3.09423e-16
34	56	2.55755e-17
35	56	1.60248e-18
36	56	7.61127e-20
37	56	2.74043e-21
38	56	7.47958e-23
39	56	1.54751e-24
40	56	2.42709e-26
41	56	2.88559e-28
42	56	2.60063e-30
43	56	1.77673e-32
44	56	9.20158e-35
45	56	3.61243e-37
46	56	1.07506e-39
47	56	2.42565e-42
48	56	4.2039e-45
49	56	0

0	57	0
1	57	0
2	57	7.42688e-44
3	57	3.2754e-41
4	57	1.1006e-38
5	57	2.80344e-36
6	57	5.41317e-34
7	57	7.92335e-32
8	57	8.79152e-30
9	57	7.3946e-28
10	57	4.71479e-26
11	57	2.2788e-24
12	57	8.34926e-23
13	57	2.31892e-21
14	57	4.88227e-20
15	57	7.79208e-19
16	57	9.42718e-18
17	57	8.64585e-17
18	57	6.01076e-16
19	57	3.16774e-15
20	57	1.26551e-14
21	57	3.83246e-14
22	57	8.79806e-14
23	57	1.53106e-13
24	57	2.01975e-13
25	57	2.01975e-13
26	57	1.53106e-13
27	57	8.79806e-14
28	57	3.83246e-14
29	57	1.26551e-14
30	57	3.16774e-15
31	57	6.01076e-16
32	57	8.64585e-17
33	57	9.42718e-18
34	57	7.79208e-19
35	57	4.88227e-20
36	57	2.31892e-21
37	57	8.34926e-23
38	57	2.2788e-24
39	57	4.71479e-26
40	57	7.3946e-28
41	57	8.79152e-30
42	57	7.92335e-32
43	57	5.41317e-34
44	57	2.80344e-36
45	57	1.1006e-38
46	57	3.2754e-41
47	57	7.42688e-44
48	57	0
49	57	0

0	58	0
1	58	0
2	58	1.4013e-45
3	58	7.9874e-43
4	58	2.68503e-40
5	58	6.83931e-38
6	58	1.3206e-35
7	58	1.93299e-33
8	58	2.14479e-31
9	58	1.804e-29
10	58	1.15023e-27
11	58	5.55939e-26
12	58	2.0369e-24
13	58	5.65727e-23
14	58	1.19108e-21
15	58	1.90097e-20
16	58	2.29987e-19
17	58	2.10925e-18
18	58	1.46639e-17
19	58	7.72805e-17
20	58	3.08735e-16
21	58	9.34971e-16
22	58	2.14639e-15
23	58	3.7352e-15
24	58	4.92739e-15
25	58	4.92739e-15
26	58	3.7352e-15
27	58	2.14639e-15
28	58	9.34971e-16
29	58	3.08735e-16
30	58	7.72805e-17
31	58	1.46639e-17
32	58	2.10925e-18
33	58	2.29987e-19
34	58	1.90097e-20
35	58	1.19108e-21
36	58	5.65727e-23
37	58	2.0369e-24
38	58	5.55939e-26
39	58	1.15023e-27
40	58	1.804e-29
41	58	2.14479e-31
42	58	1.93299e-33
43	58	1.3206e-35
44	58	6.83931e-38
45	58	2.68503e-40
46	58	7.9874e-43
47	58	1.4013e-45
48	58	0
49	58	0

0	59	0
1	59	0
2	59	0
3	59	1.54143e-44
4	59	5.24506e-42
5	59	1.33605e-39
6	59	2.57978e-37
7	59	3.77607e-35
8	59	4.18982e-33
9	59	3.52408e-31
10	59	2.24695e-29
11	59	1.08602e-27
12	59	3.97905e-26
13	59	1.10514e-24
14	59	2.32677e-23
15	59	3.71351e-22
16	59	4.49276e-21
17	59	4.12039e-20
18	59	2.86458e-19
19	59	1.50966e-18
20	59	6.03109e-18
21	59	1.82645e-17
22	59	4.19294e-17
23	59	7.29667e-17
24	59	9.6256e-17
25	59	9.6256e-17
26	59	7.29667e-17
27	59	4.19294e-17
28	59	1.82645e-17
29	59	6.03109e-18
30	59	1.50966e-18
31	59	2.86458e-19
32	59	4.12039e-20
33	59	4.49276e-21
34	59	3.71351e-22
35	59	2.32677e-23
36	59	1.10514e-24
37	59	3.97905e-26
38	59	1.08602e-27
39	59	2.24695e-29
40	59	3.52408e-31
41	59	4.18982e-33
42	59	3.77607e-35
43	59	2.57978e-37
44	59	1.33605e-39
45	59	5.24506e-42
46	59	1.54143e-44
47	59	0
48	59	0
49	59	0

0	60	0
1	60	0
2	60	0
3	60	0
4	60	8.26766e-44
5	60	2.0899e-41
6	60	4.03536e-39
7	60	5.90662e-37
8	60	6.55382e-35
9	60	5.51246e-33
10	60	3.51474e-31
11	60	1.69878e-29
12	60	6.22413e-28
13	60	1.72869e-26
14	60	3.63959e-25
15	60	5.80877e-24
16	60	7.02769e-23
17	60	6.44522e-22
18	60	4.48085e-21
19	60	2.36145e-20
20	60	9.43398e-20
21	60	2.85698e-19
22	60	6.55869e-19
23	60	1.14136e-18
24	60	1.50566e-18
25	60	1.50566e-18
26	60	1.14136e-18
27	60	6.55869e-19
28	60	2.85698e-19
29	60	9.43398e-20
30	60	2.36145e-20
31	60	4.48085e-21
32	60	6.44522e-22
33	60	7.02769e-23
34	60	5.80877e-24
35	60	3.63959e-25
36	60	1.72869e-26
37	60	6.22413e-28
38	60	1.69878e-29
39	60	3.51474e-31
40	60	5.51246e-33
41	60	6.55382e-35
42	60	5.90662e-37
43	60	4.03536e-39
44	60	2.0899e-41
45	60	8.26766e-44
46	60	0
47	60	0
48	60	0
49	60	0

0	61	0
1	61	0
2	61	0
3	61	0
4	61	1.4013e-45
5	61	2.62043e-43
6	61	5.05448e-41
7	61	7.39827e-39
8	61	8.20892e-37
9	61	6.90457e-35
10	61	4.40235e-33
11	61	2.12779e-31
12	61	7.79596e-30
13	61	2.16525e-28
14	61	4.55872e-27
15	61	7.27571e-26
16	61	8.80245e-25
17	61	8.07289e-24
18	61	5.61244e-23
19	61	2.95781e-22
20	61	1.18164e-21
21	61	3.57849e-21
22	61	8.21502e-21
23	61	1.4296e-20
24	61	1.8859e-20
25	61	1.8859e-20
26	61	1.4296e-20
27	61	8.21502e-21
28	61	3.57849e-21
29	61	1.18164e-21
30	61	2.95781e-22
31	61	5.61244e-23
32	61	8.07289e-24
33	61	8.80245e-25
34	61	7.27571e-26
35	61	4.55872e-27
36	61	2.16525e-28
37	61	7.79596e-30
38	61	2.12779e-31
39	61	4.40235e-33
40	61	6.90457e-35
41	61	8.20892e-37
42	61	7.39827e-39
43	61	5.05448e-41
44	61	2.62043e-43
45	61	1.4013e-45
46	61	0
47	61	0
48	61	0
49	61	0

0	62	0
1	62	0
2	62	0
3	62	0
4	62	0
5	62	2.8026e-45
6	62	5.0727e-43
7	62	7.42016e-41
8	62	8.23315e-39
9	62	6.92495e-37
10	62	4.41534e-35
11	62	2.13407e-33
12	62	7.81898e-32
13	62	2.17164e-30
14	62	4.57218e-29
15	62	7.29719e-28
16	62	8.82844e-27
17	62	8.09673e-26
18	62	5.629e-25
19	62	2.96654e-24
20	62	1.18513e-23
21	62	3.58905e-23
22	62	8.23927e-23
23	62	1.43382e-22
24	62	1.89147e-22
25	62	1.89147e-22
26	62	1.43382e-22
27	62	8.23927e-23
28	62	3.58905e-23
29	62	1.18513e-23
30	62	2.96654e-24
31	62	5.629e-25
32	62	8.09673e-26
33	62	8.82844e-27
34	62	7.29719e-28
35	62	4.57218e-29
36	62	2.17164e-30
37	62	7.81898e-32
38	62	2.13407e-33
39	62	4.41534e-35
40	62	6.92495e-37
41	62	8.23315e-39
42	62	7.42016e-41
43	62	5.0727e-43
44	62	2.8026e-45
45	62	0
46	62	0
47	62	0
48	62	0
49	62	0

0	63	0
1	63	0
2	63	0
3	63	0
4	63	0
5	63	0
6	63	4.2039e-45
7	63	5.95552e-43
8	63	6.61203e-41
9	63	5.56142e-39
10	63	3.54596e-37
11	63	1.71387e-35
12	63	6.27941e-34
13	63	1.74404e-32
14	63	3.67191e-31
15	63	5.86036e-30
16	63	7.09011e-29
17	63	6.50247e-28
18	63	4.52065e-27
19	63	2.38243e-26
20	63	9.51778e-26
21	63	2.88236e-25
22	63	6.61695e-25
23	63	1.1515e-24
24	63	1.51903e-24
25	63	1.51903e-24
26	63	1.1515e-24
27	63	6.61695e-25
28	63	2.88236e-25
29	63	9.51778e-26
30	63	2.38243e-26
31	63	4.52065e-27
32	63	6.50247e-28
33	63	7.09011e-29
34	63	5.86036e-30
35	63	3.67191e-31
36	63	1.74404e-32
37	63	6.27941e-34
38	63	1.71387e-35
39	63	3.54596e-37
40	63	5.56142e-39
41	63	6.61203e-41
42	63	5.95552e-43
43	63	4.2039e-45
44	63	0
45	63	0
46	63	0
47	63	0
48	63	0
49	63	0

0	64	0
1	64	0
2	64	0
3	64	0
4	64	0
5	64	0
6	64	0
7	64	4.2039e-45
8	64	4.24593e-43
9	64	3.57639e-41
10	64	2.28032e-39
11	64	1.10215e-37
12	64	4.03814e-36
13	64	1.12155e-34
14	64	2.36132e-33
15	64	3.76866e-32
16	64	4.55948e-31
17	64	4.18159e-30
18	64	2.90712e-29
19	64	1.53208e-28
20	64	6.12066e-28
21	64	1.85358e-27
22	64	4.25521e-27
23	64	7.40504e-27
24	64	9.76856e-27
25	64	9.76856e-27
26	64	7.40504e-27
27	64	4.25521e-27
28	64	1.85358e-27
29	64	6.12066e-28
30	64	1.53208e-28
31	64	2.90712e-29
32	64	4.18159e-30
33	64	4.55948e-31
34	64	3.76866e-32
35	64	2.36132e-33
36	64	1.12155e-34
37	64	4.03814e-36
38	64	1.10215e-37
39	64	2.28032e-39
40	64	3.57639e-41
41	64	4.24593e-43
42	64	4.2039e-45
43	64	0
44	64	0
45	64	0
46	64	0
47	64	0
48	64	0
49	64	0

0	65	0
1	65	0
2	65	0
3	65	0
4	65	0
5	65	0
6	65	0
7	65	0
8	65	2.8026e-45
9	65	1.8357e-43
10	65	1.17415e-41
11	65	5.67531e-40
12	65	2.07937e-38
13	65	5.77524e-37
14	65	1.21592e-35
15	65	1.94061e-34
16	65	2.34782e-33
17	65	2.15323e-32
18	65	1.49697e-31
19	65	7.88919e-31
20	65	3.15173e-30
21	65	9.54468e-30
22	65	2.19114e-29
23	65	3.81309e-29
24	65	5.03014e-29
25	65	5.03014e-29
26	65	3.81309e-29
27	65	2.19114e-29
28	65	9.54468e-30
29	65	3.15173e-30
30	65	7.88919e-31
31	65	1.49697e-31
32	65	2.15323e-32
33	65	2.34782e-33
34	65	1.94061e-34
35	65	1.21592e-35
36	65	5.77524e-37
37	65	2.07937e-38
38	65	5.67531e-40
39	65	1.17415e-41
40	65	1.8357e-43
41	65	2.8026e-45
42	65	0
43	65	0
44	65	0
45	65	0
46	65	0
47	65	0
48	65	0
49	65	0

0	66	0
1	66	0
2	66	0
3	66	0
4	66	0
5	66	0
6	66	0
7	66	0
8	66	0
9	66	1.4013e-45
10	66	4.90454e-44
11	66	2.34017e-42
12	66	8.57384e-41
13	66	2.3813e-39
14	66	5.01359e-38
15	66	8.00168e-37
16	66	9.68076e-36
17	66	8.87841e-35
18	66	6.17244e-34
19	66	3.25294e-33
20	66	1.29955e-32
21	66	3.93555e-32
22	66	9.03472e-32
23	66	1.57225e-31
24	66	2.07407e-31
25	66	2.07407e-31
26	66	1.57225e-31
27	66	9.03472e-32
28	66	3.93555e-32
29	66	1.29955e-32
30	66	3.25294e-33
31	66	6.17244e-34
32	66	8.87841e-35
33	66	9.68076e-36
34	66	8.00168e-37
35	66	5.01359e-38
36	66	2.3813e-39
37	66	8.57384e-41
38	66	2.34017e-42
39	66	4.90454e-44
40	66	1.4013e-45
41	66	0
42	66	0
43	66	0
44	66	0
45	66	0
46	66	0
47	66	0
48	66	0
49	66	0

0	67	0
1	67	0
2	67	0
3	67	0
4	67	0
5	67	0
6	67	0
7	67	0
8	67	0
9	67	0
10	67	0
11	67	8.40779e-45
12	67	2.83062e-43
13	67	7.86269e-42
14	67	1.65528e-40
15	67	2.64183e-39
16	67	3.1962e-38
17	67	2.93129e-37
18	67	2.03789e-36
19	67	1.07399e-35
20	67	4.29059e-35
21	67	1.29936e-34
22	67	2.9829e-34
23	67	5.19093e-34
24	67	6.84776e-34
25	67	6.84776e-34
26	67	5.19093e-34
27	67	2.9829e-34
28	67	1.29936e-34
29	67	4.29059e-35
30	67	1.07399e-35
31	67	2.03789e-36
32	67	2.93129e-37
33	67	3.1962e-38
34	67	2.64183e-39
35	67	1.65528e-40
36	67	7.86269e-42
37	67	2.83062e-43
38	67	8.40779e-45
39	67	0
40	67	0
41	67	0
42	67	0
43	67	0
44	67	0
45	67	0
46	67	0
47	67	0
48	67	0
49	67	0

0	68	0
1	68	0
2	68	0
3	68	0
4	68	0
5	68	0
6	68	0
7	68	0
8	68	0
9	68	0
10	68	0
11	68	0
12	68	1.4013e-45
13	68	2.10195e-44
14	68	4.37205e-43
15	68	6.98407e-42
16	68	8.44997e-41
17	68	7.74968e-40
18	68	5.38773e-39
19	68	2.83939e-38
20	68	1.13434e-37
21	68	3.43522e-37
22	68	7.88612e-37
23	68	1.37237e-36
24	68	1.81039e-36
25	68	1.81039e-36
26	68	1.37237e-36
27	68	7.88612e-37
28	68	3.43522e-37
29	68	1.13434e-37
30	68	2.83939e-38
31	68	5.38773e-39
32	68	7.74968e-40
33	68	8.44997e-41
34	68	6.98407e-42
35	68	4.37205e-43
36	68	2.10195e-44
37	68	1.4013e-45
38	68	0
39	68	0
40	68	0
41	68	0
42	68	0
43	68	0
44	68	0
45	68	0
46	68	0
47	68	0
48	68	0
49	68	0

0	69	0
1	69	0
2	69	0
3	69	0
4	69	0
5	69	0
6	69	0
7	69	0
8	69	0
9	69	0
10	69	0
11	69	0
12	69	0
13	69	0
14	69	1.4013e-45
15	69	1.54143e-44
16	69	1.79366e-43
17	69	1.64092e-42
18	69	1.14052e-41
19	69	6.01087e-41
20	69	2.40134e-40
21	69	7.27221e-40
22	69	1.66946e-39
23	69	2.90524e-39
24	69	3.83253e-39
25	69	3.83253e-39
26	69	2.90524e-39
27	69	1.66946e-39
28	69	7.27221e-40
29	69	2.40134e-40
30	69	6.01087e-41
31	69	1.14052e-41
32	69	1.64092e-42
33	69	1.79366e-43
34	69	1.54143e-44
35	69	1.4013e-45
36	69	0
37	69	0
38	69	0
39	69	0
40	69	0
41	69	0
42	69	0
43	69	0
44	69	0
45	69	0
46	69	0
47	69	0
48	69	0
49	69	0

0	70	0
1	70	0
2	70	0
3	70	0
4	70	0
5	70	0
6	70	0
7	70	0
8	70	0
9	70	0
10	70	0
11	70	0
12	70	0
13	70	0
14	70	0
15	70	0
16	70	0
17	70	2.8026e-45
18	70	1.96182e-44
19	70	1.02295e-43
20	70	4.06377e-43
21	70	1.23314e-42
22	70	2.82922e-42
23	70	4.92416e-42
24	70	6.49642e-42
25	70	6.49642e-42
26	70	4.92416e-42
27	70	2.82922e-42
28	70	1.23314e-42
29	70	4.06377e-43
30	70	1.02295e-43
31	70	1.96182e-44
32	70	2.8026e-45
33	70	0
34	70	0
35	70	0
36	70	0
37	70	0
38	70	0
39	70	0
40	70	0
41	70	0
42	70	0
43	70	0
44	70	0
45	70	0
46	70	0
47	70	0
48	70	0
49	70	0

0	71	0
1	71	0
2	71	0
3	71	0
4	71	0
5	71	0
6	71	0
7	71	0
8	71	0
9	71	0
10	71	0
11	71	0
12	71	0
13	71	0
14	71	0
15	71	0
16	71	0
17	71	0
18	71	0
19	71	0
20	71	0
21	71	1.4013e-45
22	71	4.2039e-45
23	71	7.00649e-45
24	71	9.80909e-45
25	71	9.80909e-45
26	71	7.00649e-45
27	71	4.2039e-45
28	71	1.4013e-45
29	71	0
30	71	0
31	71	0
32	71	0
33	71	0
34	71	0
35	71	0
36	71	0
37	71	0
38	71	0
39	71	0
40	71	0
41	71	0
42	71	0
43	71	0
44	71	0
45	71	0
46	71	0
47	71	0
48	71	0
49	71	0

0	72	0
1	72	0
2	72	0
3	72	0
4	72	0
5	72	0
6	72	0
7	72	0
8	72	0
9	72	0
10	72	0
11	72	0
12	72	0
13	72	0
14	72	0
15	72	0
16	72	0
17	72	0
18	72	0
19	72	0
20	72	0
21	72	0
22	72	0
23	72	0
24	72	0
25	72	0
26	72	0
27	72	0
28	72	0
29	72	0
30	72	0
31	72	0
32	72	0
33	72	0
34	72	0
35	72	0
36	72	0
37	72	0
38	72	0
39	72	0
40	72	0
41	72	0
42	72	0
43	72	0
44	72	0
45	72	0
46	72	0
47	72	0
48	72	0
49	72	0

0	73	0
1	73	0
2	73	0
3	73	0
4	73	0
5	73	0
6	73	0
7	73	0
8	73	0
9	73	0
10	73	0
11	73	0
12	73	0
13	73	0
14	73	0
15	73	0
16	73	0
17	73	0
18	73	0
19	73	0
20	73	0
21	73	0
22	73	0
23	73	0
24	73	0
25	73	0
26	73	0
27	73	0
28	73	0
29	73	0
30	73	0
31	73	0
32	73	0
33	73	0
34	73	0
35	73	0
36	73	0
37	73	0
38	73	0
39	73	0
40	73	0
41	73	0
42	73	0
43	73	0
44	73	0
45	73	0
46	73	0
47	73	0
48	73	0
49	73	0

0	74	0
1	74	0
2	74	0
3	74	0
4	74	0
5	74	0
6	74	0
7	74	0
8	74	0
9	74	0
10	74	0
11	74	0
12	74	0
13	74	0
14	74	0
15	74	0
16	74	0
17	74	0
18	74	0
19	74	0
20	74	0
21	74	0
22	74	0
23	74	0
24	74	0
25	74	0
26	74	0
27	74	0
28	74	0
29	74	0
30	74	0
31	74	0
32	74	0
33	74	0
34	74	0
35	74	0
36	74	0
37	74	0
38	74	0
39	74	0
40	74	0
41	74	0
42	74	0
43	74	0
44	74	0
45	74	0
46	74	0
47	74	0
48	74	0
49	74	0

0	75	0
1	75	0
2	75	0
3	75	0
4	75	0
5	75	0
6	75	0
7	75	0
8	75	0
9	75	0
10	75	0
11	75	0
12	75	0
13	75	0
14	75	0
15	75	0
16	75	0
17	75	0
18	75	0
19	75	0
20	75	0
21	75	0
22	75	0
23	75	0
24	75	0
25	75	0
26	75	0
27	75	0
28	75	0
29	75	0
30	75	0
31	75	0
32	75	0
33	75	0
34	75	0
35	75	0
36	75	0
37	75	0
38	75	0
39	75	0
40	75	0
41	75	0
42	75	0
43	75	0
44	75	0
45	75	0
46	75	0
47	75	0
48	75	0
49	75	0

0	76	0
1	76	0
2	76	0
3	76	0
4	76	0
5	76	0
6	76	0
7	76	0
8	76	0
9	76	0
10	76	0
11	76	0
12	76	0
13	76	0
14	76	0
15	76	0
16	76	0
17	76	0
18	76	0
19	76	0
20	76	0
21	76	0
22	76	0
23	76	0
24	76	0
25	76	0
26	76	0
27	76	0
28	76	0
29	76	0
30	76	0
31	76	0
32	76	0
33	76	0
34	76	0
35	76	0
36	76	0
37	76	0
38	76	0
39	76	0
40	76	0
41	76	0
42	76	0
43	76	0
44	76	0
45	76	0
46	76	0
47	76	0
48	76	0
49	76	0

0	77	0
1	77	0
2	77	0
3	77	0
4	77	0
5	77	0
6	77	0
7	77	0
8	77	0
9	77	0
10	77	0
11	77	0
12	77	0
13	77	0
14	77	0
15	77	0
16	77	0
17	77	0
18	77	0
19	77	0
20	77	0
21	77	0
22	77	0
23	77	0
24	77	0
25	77	0
26	77	0
27	77	0
28	77	0
29	77	0
30	77	0
31	77	0
32	77	0
33	77	0
34	77	0
35	77	0
36	77	0
37	77	0
38	77	0
39	77	0
40	77	0
41	77	0
42	77	0
43	77	0
44	77	0
45	77	0
46	77	0
47	77	0
48	77	0
49	77	0

0	78	0
1	78	0
2	78	0
3	78	0
4	78	0
5	78	0
6	78	0
7	78	0
8	78	0
9	78	0
10	78	0
11	78	0
12	78	0
13	78	0
14	78	0
15	78	0
16	78	0
17	78	0
18	78	0
19	78	0
20	78	0
21	78	0
22	78	0
23	78	0
24	78	0
25	78	0
26	78	0
27	78	0
28	78	0
29	78	0
30	78	0
31	78	0
32	78	0
33	78	0
34	78	0
35	78	0
36	78	0
37	78	0
38	78	0
39	78	0
40	78	0
41	78	0
42	78	0
43	78	0
44	78	0
45	78	0
46	78	0
47	78	0
48	78	0
49	78	0

0	79	0
1	79	0
2	79	0
3	79	0
4	79	0
5	79	0
6	79	0
7	79	0
8	79	0
9	79	0
10	79	0
11	79	0
12	79	0
13	79	0
14	79	0
15	79	0
16	79	0
17	79	0
18	79	0
19	79	0
20	79	0
21	79	0
22	79	0
23	79	0
24	79	0
25	79	0
26	79	0
27	79	0
28	79	0
29	79	0
30	79	0
31	79	0
32	79	0
33	79	0
34	79	0
35	79	0
36	79	0
37	79	0
38	79	0
39	79	0
40	79	0
41	79	0
42	79	0
43	79	0
44	79	0
45	79	0
46	79	0
47	79	0
48	79	0
49	79	0

0	80	0
1	80	0
2	80	0
3	80	0
4	80	0
5	80	0
6	80	0
7	80	0
8	80	0
9	80	0
10	80	0
11	80	0
12	80	0
13	80	0
14	80	0
15	80	0
16	80	0
17	80	0
18	80	0
19	80	0
20	80	0
21	80	0
22	80	0
23	80	0
24	80	0
25	80	0
26	80	0
27	80	0
28	80	0
29	80	0
30	80	0
31	80	0
32	80	0
33	80	0
34	80	0
35	80	0
36	80	0
37	80	0
38	80	0
39	80	0
40	80	0
41	80	0
42	80	0
43	80	0
44	80	0
45	80	0
46	80	0
47	80	0
48	80	0
49	80	0

0	81	0
1	81	0
2	81	0
3	81	0
4	81	0
5	81	0
6	81	0
7	81	0
8	81	0
9	81	0
10	81	0
11	81	0
12	81	0
13	81	0
14	81	0
15	81	0
16	81	0
17	81	0
18	81	0
19	81	0
20	81	0
21	81	0
22	81	0
23	81	0
24	81	0
25	81	0
26	81	0
27	81	0
28	81	0
29	81	0
30	81	0
31	81	0
32	81	0
33	81	0
34	81	0
35	81	0
36	81	0
37	81	0
38	81	0
39	81	0
40	81	0
41	81	0
42	81	0
43	81	0
44	81	0
45	81	0
46	81	0
47	81	0
48	81	0
49	81	0

0	82	0
1	82	0
2	82	0
3	82	0
4	82	0
5	82	0
6	82	0
7	82	0
8	82	0
9	82	0
10	82	0
11	82	0
12	82	0
13	82	0
14	82	0
15	82	0
16	82	0
17	82	0
18	82	0
19	82	0
20	82	0
21	82	0
22	82	0
23	82	0
24	82	0
25	82	0
26	82	0
27	82	0
28	82	0
29	82	0
30	82	0
31	82	0
32	82	0
33	82	0
34	82	0
35	82	0
36	82	0
37	82	0
38	82	0
39	82	0
40	82	0
41	82	0
42	82	0
43	82	0
44	82	0
45	82	0
46	82	0
47	82	0
48	82	0
49	82	0

0	83	0
1	83	0
2	83	0
3	83	0
4	83	0
5	83	0
6	83	0
7	83	0
8	83	0
9	83	0
10	83	0
11	83	0
12	83	0
13	83	0
14	83	0
15	83	0
16	83	0
17	83	0
18	83	0
19	83	0
20	83	0
21	83	0
22	83	0
23	83	0
24	83	0
25	83	0
26	83	0
27	83	0
28	83	0
29	83	0
30	83	0
31	83	0
32	83	0
33	83	0
34	83	0
35	83	0
36	83	0
37	83	0
38	83	0
39	83	0
40	83	0
41	83	0
42	83	0
43	83	0
44	83	0
45	83	0
46	83	0
47	83	0
48	83	0
49	83	0

0	84	0
1	84	0
2	84	0
3	84	0
4	84	0
5	84	0
6	84	0
7	84	0
8	84	0
9	84	0
10	84	0
11	84	0
12	84	0
13	84	0
14	84	0
15	84	0
16	84	0
17	84	0
18	84	0
19	84	0
20	84	0
21	84	0
22	84	0
23	84	0
24	84	0
25	84	0
26	84	0
27	84	0
28	84	0
29	84	0
30	84	0
31	84	0
32	84	0
33	84	0
34	84	0
35	84	0
36	84	0
37	84	0
38	84	0
39	84	0
40	84	0
41	84	0
42	84	0
43	84	0
44	84	0
45	84	0
46	84	0
47	84	0
48	84	0
49	84	0

0	85	0
1	85	0
2	85	0
3	85	0
4	85	0
5	85	0
6	85	0
7	85	0
8	85	0
9	85	0
10	85	0
11	85	0
12	85	0
13	85	0
14	85	0
15	85	0
16	85	0
17	85	0
18	85	0
19	85	0
20	85	0
21	85	0
22	85	0
23	85	0
24	85	0
25	85	0
26	85	0
27	85	0
28	85	0
29	85	0
30	85	0
31	85	0
32	85	0
33	85	0
34	85	0
35	85	0
36	85	0
37	85	0
38	85	0
39	85	0
40	85	0
41	85	0
42	85	0
43	85	0
44	85	0
45	85	0
46	85	0
47	85	0
48	85	0
49	85	0

0	86	0
1	86	0
2	86	0
3	86	0
4	86	0
5	86	0
6	86	0
7	86	0
8	86	0
9	86	0
10	86	0
11	86	0
12	86	0
13	86	0
14	86	0
15	86	0
16	86	0
17	86	0
18	86	0
19	86	0
20	86	0
21	86	0
22	86	0
23	86	0
24	86	0
25	86	0
26	86	0
27	86	0
28	86	0
29	86	0
30	86	0
31	86	0
32	86	0
33	86	0
34	86	0
35	86	0
36	86	0
37	86	0
38	86	0
39	86	0
40	86	0
41	86	0
42	86	0
43	86	0
44	86	0
45	86	0
46	86	0
47	86	0
48	86	0
49	86	0

0	87	0
1	87	0
2	87	0
3	87	0
4	87	0
5	87	0
6	87	0
7	87	0
8	87	0
9	87	0
10	87	0
11	87	0
12	87	0
13	87	0
14	87	0
15	87	0
16	87	0
17	87	0
18	87	0
19	87	0
20	87	0
21	87	0
22	87	0
23	87	0
24	87	0
25	87	0
26	87	0
27	87	0
28	87	0
29	87	0
30	87	0
31	87	0
32	87	0
33	87	0
34	87	0
35	87	0
36	87	0
37	87	0
38	87	0
39	87	0
40	87	0
41	87	0
42	87	0
43	87	0
44	87	0
45	87	0
46	87	0
47	87	0
48	87	0
49	87	0

0	88	0
1	88	0
2	88	0
3	88	0
4	88	0
5	88	0
6	88	0
7	88	0
8	88	0
9	88	0
10	88	0
11	88	0
12	88	0
13	88	0
14	88	0
15	88	0
16	88	0
17	88	0
18	88	0
19	88	0
20	88	0
21	88	0
22	88	0
23	88	0
24	88	0
25	88	0
26	88	0
27	88	0
28	88	0
29	88	0
30	88	0
31	88	0
32	88	0
33	88	0
34	88	0
35	88	0
36	88	0
37	88	0
38	88	0
39	88	0
40	88	0
41	88	0
42	88	0
43	88	0
44	88	0
45	88	0
46	88	0
47	88	0
48	88	0
49	88	0

0	89	0
1	89	0
2	89	0
3	89	0
4	89	0
5	89	0
6	89	0
7	89	0
8	89	0
9	89	0
10	89	0
11	89	0
12	89	0
13	89	0
14	89	0
15	89	0
16	89	0
17	89	0
18	89	0
19	89	0
20	89	0
21	89	0
22	89	0
23	89	0
24	89	0
25	89	0
26	89	0
27	89	0
28	89	0
29	89	0
30	89	0
31	89	0
32	89	0
33	89	0
34	89	0
35	89	0
36	89	0
37	89	0
38	89	0
39	89	0
40	89	0
41	89	0
42	89	0
43	89	0
44	89	0
45	89	0
46	89	0
47	89	0
48	89	0
49	89	0

0	90	0
1	90	0
2	90	0
3	90	0
4	90	0
5	90	0
6	90	0
7	90	0
8	90	0
9	90	0
10	90	0
11	90	0
12	90	0
13	90	0
14	90	0
15	90	0
16	90	0
17	90	0
18	90	0
19	90	0
20	90	0
21	90	0
22	90	0
23	90	0
24	90	0
25	90	0
26	90	0
27	90	0
28	90	0
29	90	0
30	90	0
31	90	0
32	90	0
33	90	0
34	90	0
35	90	0
36	90	0
37	90	0
38	90	0
39	90	0
40	90	0
41	90	0
42	90	0
43	90	0
44	90	0
45	90	0
46	90	0
47	90	0
48	90	0
49	90	0

0	91	0
1	91	0
2	91	0
3	91	0
4	91	0
5	91	0
6	91	0
7	91	0
8	91	0
9	91	0
10	91	0
11	91	0
12	91	0
13	91	0
14	91	0
15	91	0
16	91	0
17	91	0
18	91	0
19	91	0
20	91	0
21	91	0
22	91	0
23	91	0
24	91	0
25	91	0
26	91	0
27	91	0
28	91	0
29	91	0
30	91	0
31	91	0
32	91	0
33	91	0
34	91	0
35	91	0
36	91	0
37	91	0
38	91	0
39	91	0
40	91	0
41	91	0
42	91	0
43	91	0
44	91	0
45	91	0
46	91	0
47	91	0
48	91	0
49	91	0

0	92	0
1	92	0
2	92	0
3	92	0
4	92	0
5	92	0
6	92	0
7	92	0
8	92	0
9	92	0
10	92	0
11	92	0
12	92	0
13	92	0
14	92	0
15	92	0
16	92	0
17	92	0
18	92	0
19	92	0
20	92	0
21	92	0
22	92	0
23	92	0
24	92	0
25	92	0
26	92	0
27	92	0
28	92	0
29	92	0
30	92	0
31	92	0
32	92	0
33	92	0
34	92	0
35	92	0
36	92	0
37	92	0
38	92	0
39	92	0
40	92	0
41	92	0
42	92	0
43	92	0
44	92	0
45	92	0
46	92	0
47	92	0
48	92	0
49	92	0

0	93	0
1	93	0
2	93	0
3	93	0
4	93	0
5	93	0
6	93	0
7	93	0
8	93	0
9	93	0
10	93	0
11	93	0
12	93	0
13	93	0
14	93	0
15	93	0
16	93	0
17	93	0
18	93	0
19	93	0
20	93	0
21	93	0
22	93	0
23	93	0
24	93	0
25	93	0
26	93	0
27	93	0
28	93	0
29	93	0
30	93	0
31	93	0
32	93	0
33	93	0
34	93	0
35	93	0
36	93	0
37	93	0
38	93	0
39	93	0
40	93	0
41	93	0
42	93	0
43	93	0
44	93	0
45	93	0
46	93	0
47	93	0
48	93	0
49	93	0

0	94	0
1	94	0
2	94	0
3	94	0
4	94	0
5	94	0
6	94	0
7	94	0
8	94	0
9	94	0
10	94	0
11	94	0
12	94	0
13	94	0
14	94	0
15	94	0
16	94	0
17	94	0
18	94	0
19	94	0
20	94	0
21	94	0
22	94	0
23	94	0
24	94	0
25	94	0
26	94	0
27	94	0
28	94	0
29	94	0
30	94	0
31	94	0
32	94	0
33	94	0
34	94	0
35	94	0
36	94	0
37	94	0
38	94	0
39	94	0
40	94	0
41	94	0
42	94	0
43	94	0
44	94	0
45	94	0
46	94	0
47	94	0
48	94	0
49	94	0

0	95	0
1	95	0
2	95	0
3	95	0
4	95	0
5	95	0
6	95	0
7	95	0
8	95	0
9	95	0
10	95	0
11	95	0
12	95	0
13	95	0
14	95	0
15	95	0
16	95	0
17	95	0
18	95	0
19	95	0
20	95	0
21	95	0
22	95	0
23	95	0
24	95	0
25	95	0
26	95	0
27	95	0
28	95	0
29	95	0
30	95	0
31	95	0
32	95	0
33	95	0
34	95	0
35	95	0
36	95	0
37	95	0
38	95	0
39	95	0
40	95	0
41	95	0
42	95	0
43	95	0
44	95	0
45	95	0
46	95	0
47	95	0
48	95	0
49	95	0

0	96	0
1	96	0
2	96	0
3	96	0
4	96	0
5	96	0
6	96	0
7	96	0
8	96	0
9	96	0
10	96	0
11	96	0
12	96	0
13	96	0
14	96	0
15	96	0
16	96	0
17	96	0
18	96	0
19	96	0
20	96	0
21	96	0
22	96	0
23	96	0
24	96	0
25	96	0
26	96	0
27	96	0
28	96	0
29	96	0
30	96	0
31	96	0
32	96	0
33	96	0
34	96	0
35	96	0
36	96	0
37	96	0
38	96	0
39	96	0
40	96	0
41	96	0
42	96	0
43	96	0
44	96	0
45	96	0
46	96	0
47	96	0
48	96	0
49	96	0

0	97	0
1	97	0
2	97	0
3	97	0
4	97	0
5	97	0
6	97	0
7	97	0
8	97	0
9	97	0
10	97	0
11	97	0
12	97	0
13	97	0
14	97	0
15	97	0
16	97	0
17	97	0
18	97	0
19	97	0
20	97	0
21	97	0
22	97	0
23	97	0
24	97	0
25	97	0
26	97	0
27	97	0
28	97	0
29	97	0
30	97	0
31	97	0
32	97	0
33	97	0
34	97	0
35	97	0
36	97	0
37	97	0
38	97	0
39	97	0
40	97	0
41	97	0
42	97	0
43	97	0
44	97	0
45	97	0
46	97	0
47	97	0
48	97	0
49	97	0

0	98	0
1	98	0
2	98	0
3	98	0
4	98	0
5	98	0
6	98	0
7	98	0
8	98	0
9	98	0
10	98	0
11	98	0
12	98	0
13	98	0
14	98	0
15	98	0
16	98	0
17	98	0
18	98	0
19	98	0
20	98	0
21	98	0
22	98	0
23	98	0
24	98	0
25	98	0
26	98	0
27	98	0
28	98	0
29	98	0
30	98	0
31	98	0
32	98	0
33	98	0
34	98	0
35	98	0
36	98	0
37	98	0
38	98	0
39	98	0
40	98	0
41	98	0
42	98	0
43	98	0
44	98	0
45	98	0
46	98	0
47	98	0
48	98	0
49	98	0

0	99	0
1	99	0
2	99	0
3	99	0
4	99	0
5	99	0
6	99	0
7	99	0
8	99	0
9	99	0
10	99	0
11	99	0
12	99	0
13	99	0
14	99	0
15	99	0
16	99	0
17	99	0
18	99	0
19	99	0
20	99	0
21	99	0
22	99	0
23	99	0
24	99	0
25	99	0
26	99	0
27	99	0
28	99	0
29	99	0
30	99	0
31	99	0
32	99	0
33	99	0
34	99	0
35	99	0
36	99	0
37	99	0
38	99	0
39	99	0
40	99	0
41	99	0
42	99	0
43	99	0
44	99	0
45	99	0
46	99	0
47	99	0
48	99	0
49	99	0

