# 110 MeV Proton Pencil Beam 2D Dose Distribution
# x(mm) z(mm) dose(Gy)
0	0	0
1	0	0
2	0	0
3	0	0
4	0	0
5	0	0
6	0	0
7	0	0
8	0	0
9	0	0
10	0	0
11	0	0
12	0	0
13	0	0
14	0	0
15	0	0
16	0	0
17	0	0
18	0	1.27981e-37
19	0	3.39011e-27
20	0	1.64476e-18
21	0	1.46156e-11
22	0	2.37875e-06
23	0	0.00709096
24	0	0.387153
25	0	0.387153
26	0	0.00709096
27	0	2.37875e-06
28	0	1.46156e-11
29	0	1.64476e-18
30	0	3.39011e-27
31	0	1.27981e-37
32	0	0
33	0	0
34	0	0
35	0	0
36	0	0
37	0	0
38	0	0
39	0	0
40	0	0
41	0	0
42	0	0
43	0	0
44	0	0
45	0	0
46	0	0
47	0	0
48	0	0
49	0	0

0	1	0
1	1	0
2	1	0
3	1	0
4	1	0
5	1	0
6	1	0
7	1	0
8	1	0
9	1	0
10	1	0
11	1	0
12	1	0
13	1	0
14	1	0
15	1	0
16	1	0
17	1	0
18	1	1.45297e-37
19	1	3.84878e-27
20	1	1.86729e-18
21	1	1.6593e-11
22	1	2.70059e-06
23	1	0.00805034
24	1	0.439534
25	1	0.439534
26	1	0.00805034
27	1	2.70059e-06
28	1	1.6593e-11
29	1	1.86729e-18
30	1	3.84878e-27
31	1	1.45297e-37
32	1	0
33	1	0
34	1	0
35	1	0
36	1	0
37	1	0
38	1	0
39	1	0
40	1	0
41	1	0
42	1	0
43	1	0
44	1	0
45	1	0
46	1	0
47	1	0
48	1	0
49	1	0

0	2	0
1	2	0
2	2	0
3	2	0
4	2	0
5	2	0
6	2	0
7	2	0
8	2	0
9	2	0
10	2	0
11	2	0
12	2	0
13	2	0
14	2	0
15	2	0
16	2	0
17	2	0
18	2	1.6255e-37
19	2	4.30582e-27
20	2	2.08903e-18
21	2	1.85634e-11
22	2	3.02128e-06
23	2	0.0090063
24	2	0.491728
25	2	0.491728
26	2	0.0090063
27	2	3.02128e-06
28	2	1.85634e-11
29	2	2.08903e-18
30	2	4.30582e-27
31	2	1.6255e-37
32	2	0
33	2	0
34	2	0
35	2	0
36	2	0
37	2	0
38	2	0
39	2	0
40	2	0
41	2	0
42	2	0
43	2	0
44	2	0
45	2	0
46	2	0
47	2	0
48	2	0
49	2	0

0	3	0
1	3	0
2	3	0
3	3	0
4	3	0
5	3	0
6	3	0
7	3	0
8	3	0
9	3	0
10	3	0
11	3	0
12	3	0
13	3	0
14	3	0
15	3	0
16	3	0
17	3	0
18	3	1.79706e-37
19	3	4.76026e-27
20	3	2.30951e-18
21	3	2.05226e-11
22	3	3.34015e-06
23	3	0.00995685
24	3	0.543626
25	3	0.543626
26	3	0.00995685
27	3	3.34015e-06
28	3	2.05226e-11
29	3	2.30951e-18
30	3	4.76026e-27
31	3	1.79706e-37
32	3	0
33	3	0
34	3	0
35	3	0
36	3	0
37	3	0
38	3	0
39	3	0
40	3	0
41	3	0
42	3	0
43	3	0
44	3	0
45	3	0
46	3	0
47	3	0
48	3	0
49	3	0

0	4	0
1	4	0
2	4	0
3	4	0
4	4	0
5	4	0
6	4	0
7	4	0
8	4	0
9	4	0
10	4	0
11	4	0
12	4	0
13	4	0
14	4	0
15	4	0
16	4	0
17	4	0
18	4	1.96729e-37
19	4	5.21117e-27
20	4	2.52828e-18
21	4	2.24665e-11
22	4	3.65654e-06
23	4	0.0109
24	4	0.595119
25	4	0.595119
26	4	0.0109
27	4	3.65654e-06
28	4	2.24665e-11
29	4	2.52828e-18
30	4	5.21117e-27
31	4	1.96729e-37
32	4	0
33	4	0
34	4	0
35	4	0
36	4	0
37	4	0
38	4	0
39	4	0
40	4	0
41	4	0
42	4	0
43	4	0
44	4	0
45	4	0
46	4	0
47	4	0
48	4	0
49	4	0

0	5	0
1	5	0
2	5	0
3	5	0
4	5	0
5	5	0
6	5	0
7	5	0
8	5	0
9	5	0
10	5	0
11	5	0
12	5	0
13	5	0
14	5	0
15	5	0
16	5	0
17	5	0
18	5	2.13582e-37
19	5	5.65761e-27
20	5	2.74488e-18
21	5	2.43913e-11
22	5	3.9698e-06
23	5	0.0118338
24	5	0.646103
25	5	0.646103
26	5	0.0118338
27	5	3.9698e-06
28	5	2.43913e-11
29	5	2.74488e-18
30	5	5.65761e-27
31	5	2.13582e-37
32	5	0
33	5	0
34	5	0
35	5	0
36	5	0
37	5	0
38	5	0
39	5	0
40	5	0
41	5	0
42	5	0
43	5	0
44	5	0
45	5	0
46	5	0
47	5	0
48	5	0
49	5	0

0	6	0
1	6	0
2	6	0
3	6	0
4	6	0
5	6	0
6	6	0
7	6	0
8	6	0
9	6	0
10	6	0
11	6	0
12	6	0
13	6	0
14	6	0
15	6	0
16	6	0
17	6	0
18	6	2.30235e-37
19	6	6.09871e-27
20	6	2.95888e-18
21	6	2.6293e-11
22	6	4.27931e-06
23	6	0.0127564
24	6	0.696478
25	6	0.696478
26	6	0.0127564
27	6	4.27931e-06
28	6	2.6293e-11
29	6	2.95888e-18
30	6	6.09871e-27
31	6	2.30235e-37
32	6	0
33	6	0
34	6	0
35	6	0
36	6	0
37	6	0
38	6	0
39	6	0
40	6	0
41	6	0
42	6	0
43	6	0
44	6	0
45	6	0
46	6	0
47	6	0
48	6	0
49	6	0

0	7	0
1	7	0
2	7	0
3	7	0
4	7	0
5	7	0
6	7	0
7	7	0
8	7	0
9	7	0
10	7	0
11	7	0
12	7	0
13	7	0
14	7	0
15	7	0
16	7	0
17	7	0
18	7	2.46653e-37
19	7	6.53363e-27
20	7	3.16989e-18
21	7	2.8168e-11
22	7	4.58448e-06
23	7	0.0136661
24	7	0.746146
25	7	0.746146
26	7	0.0136661
27	7	4.58448e-06
28	7	2.8168e-11
29	7	3.16989e-18
30	7	6.53363e-27
31	7	2.46653e-37
32	7	0
33	7	0
34	7	0
35	7	0
36	7	0
37	7	0
38	7	0
39	7	0
40	7	0
41	7	0
42	7	0
43	7	0
44	7	0
45	7	0
46	7	0
47	7	0
48	7	0
49	7	0

0	8	0
1	8	0
2	8	0
3	8	0
4	8	0
5	8	0
6	8	0
7	8	0
8	8	0
9	8	0
10	8	0
11	8	0
12	8	0
13	8	0
14	8	0
15	8	0
16	8	0
17	8	0
18	8	2.62809e-37
19	8	6.96158e-27
20	8	3.37751e-18
21	8	3.0013e-11
22	8	4.88475e-06
23	8	0.0145612
24	8	0.795017
25	8	0.795017
26	8	0.0145612
27	8	4.88475e-06
28	8	3.0013e-11
29	8	3.37751e-18
30	8	6.96158e-27
31	8	2.62809e-37
32	8	0
33	8	0
34	8	0
35	8	0
36	8	0
37	8	0
38	8	0
39	8	0
40	8	0
41	8	0
42	8	0
43	8	0
44	8	0
45	8	0
46	8	0
47	8	0
48	8	0
49	8	0

0	9	0
1	9	0
2	9	0
3	9	0
4	9	0
5	9	0
6	9	0
7	9	0
8	9	0
9	9	0
10	9	0
11	9	0
12	9	0
13	9	0
14	9	0
15	9	0
16	9	0
17	9	0
18	9	2.78673e-37
19	9	7.3818e-27
20	9	3.58139e-18
21	9	3.18246e-11
22	9	5.17961e-06
23	9	0.0154402
24	9	0.843007
25	9	0.843007
26	9	0.0154402
27	9	5.17961e-06
28	9	3.18246e-11
29	9	3.58139e-18
30	9	7.3818e-27
31	9	2.78673e-37
32	9	0
33	9	0
34	9	0
35	9	0
36	9	0
37	9	0
38	9	0
39	9	0
40	9	0
41	9	0
42	9	0
43	9	0
44	9	0
45	9	0
46	9	0
47	9	0
48	9	0
49	9	0

0	10	0
1	10	0
2	10	0
3	10	0
4	10	0
5	10	0
6	10	0
7	10	0
8	10	0
9	10	0
10	10	0
11	10	0
12	10	0
13	10	0
14	10	0
15	10	0
16	10	0
17	10	0
18	10	2.9422e-37
19	10	7.79362e-27
20	10	3.7812e-18
21	10	3.36001e-11
22	10	5.46858e-06
23	10	0.0163016
24	10	0.890038
25	10	0.890038
26	10	0.0163016
27	10	5.46858e-06
28	10	3.36001e-11
29	10	3.7812e-18
30	10	7.79362e-27
31	10	2.9422e-37
32	10	0
33	10	0
34	10	0
35	10	0
36	10	0
37	10	0
38	10	0
39	10	0
40	10	0
41	10	0
42	10	0
43	10	0
44	10	0
45	10	0
46	10	0
47	10	0
48	10	0
49	10	0

0	11	0
1	11	0
2	11	0
3	11	0
4	11	0
5	11	0
6	11	0
7	11	0
8	11	0
9	11	0
10	11	0
11	11	0
12	11	0
13	11	0
14	11	0
15	11	0
16	11	0
17	11	0
18	11	3.09426e-37
19	11	8.19643e-27
20	11	3.97662e-18
21	11	3.53367e-11
22	11	5.75122e-06
23	11	0.0171441
24	11	0.936038
25	11	0.936038
26	11	0.0171441
27	11	5.75122e-06
28	11	3.53367e-11
29	11	3.97662e-18
30	11	8.19643e-27
31	11	3.09426e-37
32	11	0
33	11	0
34	11	0
35	11	0
36	11	0
37	11	0
38	11	0
39	11	0
40	11	0
41	11	0
42	11	0
43	11	0
44	11	0
45	11	0
46	11	0
47	11	0
48	11	0
49	11	0

0	12	0
1	12	0
2	12	0
3	12	0
4	12	0
5	12	0
6	12	0
7	12	0
8	12	0
9	12	0
10	12	0
11	12	0
12	12	0
13	12	0
14	12	0
15	12	0
16	12	0
17	12	0
18	12	3.24271e-37
19	12	8.58966e-27
20	12	4.1674e-18
21	12	3.7032e-11
22	12	6.02713e-06
23	12	0.0179666
24	12	0.980945
25	12	0.980945
26	12	0.0179666
27	12	6.02713e-06
28	12	3.7032e-11
29	12	4.1674e-18
30	12	8.58966e-27
31	12	3.24271e-37
32	12	0
33	12	0
34	12	0
35	12	0
36	12	0
37	12	0
38	12	0
39	12	0
40	12	0
41	12	0
42	12	0
43	12	0
44	12	0
45	12	0
46	12	0
47	12	0
48	12	0
49	12	0

0	13	0
1	13	0
2	13	0
3	13	0
4	13	0
5	13	0
6	13	0
7	13	0
8	13	0
9	13	0
10	13	0
11	13	0
12	13	0
13	13	0
14	13	0
15	13	0
16	13	0
17	13	0
18	13	3.38736e-37
19	13	8.97282e-27
20	13	4.3533e-18
21	13	3.86839e-11
22	13	6.29599e-06
23	13	0.0187681
24	13	1.0247
25	13	1.0247
26	13	0.0187681
27	13	6.29599e-06
28	13	3.86839e-11
29	13	4.3533e-18
30	13	8.97282e-27
31	13	3.38736e-37
32	13	0
33	13	0
34	13	0
35	13	0
36	13	0
37	13	0
38	13	0
39	13	0
40	13	0
41	13	0
42	13	0
43	13	0
44	13	0
45	13	0
46	13	0
47	13	0
48	13	0
49	13	0

0	14	0
1	14	0
2	14	0
3	14	0
4	14	0
5	14	0
6	14	0
7	14	0
8	14	0
9	14	0
10	14	0
11	14	0
12	14	0
13	14	0
14	14	0
15	14	0
16	14	0
17	14	0
18	14	3.52804e-37
19	14	9.34548e-27
20	14	4.5341e-18
21	14	4.02905e-11
22	14	6.55748e-06
23	14	0.0195476
24	14	1.06726
25	14	1.06726
26	14	0.0195476
27	14	6.55748e-06
28	14	4.02905e-11
29	14	4.5341e-18
30	14	9.34548e-27
31	14	3.52804e-37
32	14	0
33	14	0
34	14	0
35	14	0
36	14	0
37	14	0
38	14	0
39	14	0
40	14	0
41	14	0
42	14	0
43	14	0
44	14	0
45	14	0
46	14	0
47	14	0
48	14	0
49	14	0

0	15	0
1	15	0
2	15	0
3	15	0
4	15	0
5	15	0
6	15	0
7	15	0
8	15	0
9	15	0
10	15	0
11	15	0
12	15	0
13	15	0
14	15	0
15	15	0
16	15	0
17	15	0
18	15	3.66463e-37
19	15	9.70729e-27
20	15	4.70964e-18
21	15	4.18504e-11
22	15	6.81135e-06
23	15	0.0203043
24	15	1.10858
25	15	1.10858
26	15	0.0203043
27	15	6.81135e-06
28	15	4.18504e-11
29	15	4.70964e-18
30	15	9.70729e-27
31	15	3.66463e-37
32	15	0
33	15	0
34	15	0
35	15	0
36	15	0
37	15	0
38	15	0
39	15	0
40	15	0
41	15	0
42	15	0
43	15	0
44	15	0
45	15	0
46	15	0
47	15	0
48	15	0
49	15	0

0	16	0
1	16	0
2	16	0
3	16	0
4	16	0
5	16	0
6	16	0
7	16	0
8	16	0
9	16	0
10	16	0
11	16	0
12	16	0
13	16	0
14	16	0
15	16	0
16	16	0
17	16	0
18	16	3.79701e-37
19	16	1.0058e-26
20	16	4.87977e-18
21	16	4.33622e-11
22	16	7.0574e-06
23	16	0.0210378
24	16	1.14863
25	16	1.14863
26	16	0.0210378
27	16	7.0574e-06
28	16	4.33622e-11
29	16	4.87977e-18
30	16	1.0058e-26
31	16	3.79701e-37
32	16	0
33	16	0
34	16	0
35	16	0
36	16	0
37	16	0
38	16	0
39	16	0
40	16	0
41	16	0
42	16	0
43	16	0
44	16	0
45	16	0
46	16	0
47	16	0
48	16	0
49	16	0

0	17	0
1	17	0
2	17	0
3	17	0
4	17	0
5	17	0
6	17	0
7	17	0
8	17	0
9	17	0
10	17	0
11	17	0
12	17	0
13	17	0
14	17	0
15	17	0
16	17	0
17	17	0
18	17	3.9251e-37
19	17	1.03973e-26
20	17	5.04439e-18
21	17	4.4825e-11
22	17	7.29548e-06
23	17	0.0217475
24	17	1.18737
25	17	1.18737
26	17	0.0217475
27	17	7.29548e-06
28	17	4.4825e-11
29	17	5.04439e-18
30	17	1.03973e-26
31	17	3.9251e-37
32	17	0
33	17	0
34	17	0
35	17	0
36	17	0
37	17	0
38	17	0
39	17	0
40	17	0
41	17	0
42	17	0
43	17	0
44	17	0
45	17	0
46	17	0
47	17	0
48	17	0
49	17	0

0	18	0
1	18	0
2	18	0
3	18	0
4	18	0
5	18	0
6	18	0
7	18	0
8	18	0
9	18	0
10	18	0
11	18	0
12	18	0
13	18	0
14	18	0
15	18	0
16	18	0
17	18	0
18	18	4.04883e-37
19	18	1.0725e-26
20	18	5.2034e-18
21	18	4.6238e-11
22	18	7.52545e-06
23	18	0.0224331
24	18	1.2248
25	18	1.2248
26	18	0.0224331
27	18	7.52545e-06
28	18	4.6238e-11
29	18	5.2034e-18
30	18	1.0725e-26
31	18	4.04883e-37
32	18	0
33	18	0
34	18	0
35	18	0
36	18	0
37	18	0
38	18	0
39	18	0
40	18	0
41	18	0
42	18	0
43	18	0
44	18	0
45	18	0
46	18	0
47	18	0
48	18	0
49	18	0

0	19	0
1	19	0
2	19	0
3	19	0
4	19	0
5	19	0
6	19	0
7	19	0
8	19	0
9	19	0
10	19	0
11	19	0
12	19	0
13	19	0
14	19	0
15	19	0
16	19	0
17	19	0
18	19	4.16817e-37
19	19	1.10411e-26
20	19	5.35676e-18
21	19	4.76008e-11
22	19	7.74726e-06
23	19	0.0230943
24	19	1.2609
25	19	1.2609
26	19	0.0230943
27	19	7.74726e-06
28	19	4.76008e-11
29	19	5.35676e-18
30	19	1.10411e-26
31	19	4.16817e-37
32	19	0
33	19	0
34	19	0
35	19	0
36	19	0
37	19	0
38	19	0
39	19	0
40	19	0
41	19	0
42	19	0
43	19	0
44	19	0
45	19	0
46	19	0
47	19	0
48	19	0
49	19	0

0	20	0
1	20	0
2	20	0
3	20	0
4	20	0
5	20	0
6	20	0
7	20	0
8	20	0
9	20	0
10	20	0
11	20	0
12	20	0
13	20	0
14	20	0
15	20	0
16	20	0
17	20	0
18	20	4.28309e-37
19	20	1.13455e-26
20	20	5.50445e-18
21	20	4.89132e-11
22	20	7.96085e-06
23	20	0.023731
24	20	1.29567
25	20	1.29567
26	20	0.023731
27	20	7.96085e-06
28	20	4.89132e-11
29	20	5.50445e-18
30	20	1.13455e-26
31	20	4.28309e-37
32	20	0
33	20	0
34	20	0
35	20	0
36	20	0
37	20	0
38	20	0
39	20	0
40	20	0
41	20	0
42	20	0
43	20	0
44	20	0
45	20	0
46	20	0
47	20	0
48	20	0
49	20	0

0	21	0
1	21	0
2	21	0
3	21	0
4	21	0
5	21	0
6	21	0
7	21	0
8	21	0
9	21	0
10	21	0
11	21	0
12	21	0
13	21	0
14	21	0
15	21	0
16	21	0
17	21	0
18	21	4.39359e-37
19	21	1.16382e-26
20	21	5.64647e-18
21	21	5.01751e-11
22	21	8.16624e-06
23	21	0.0243432
24	21	1.32909
25	21	1.32909
26	21	0.0243432
27	21	8.16624e-06
28	21	5.01751e-11
29	21	5.64647e-18
30	21	1.16382e-26
31	21	4.39359e-37
32	21	0
33	21	0
34	21	0
35	21	0
36	21	0
37	21	0
38	21	0
39	21	0
40	21	0
41	21	0
42	21	0
43	21	0
44	21	0
45	21	0
46	21	0
47	21	0
48	21	0
49	21	0

0	22	0
1	22	0
2	22	0
3	22	0
4	22	0
5	22	0
6	22	0
7	22	0
8	22	0
9	22	0
10	22	0
11	22	0
12	22	0
13	22	0
14	22	0
15	22	0
16	22	0
17	22	0
18	22	4.4997e-37
19	22	1.19193e-26
20	22	5.78283e-18
21	22	5.13869e-11
22	22	8.36346e-06
23	22	0.0249311
24	22	1.36119
25	22	1.36119
26	22	0.0249311
27	22	8.36346e-06
28	22	5.13869e-11
29	22	5.78283e-18
30	22	1.19193e-26
31	22	4.4997e-37
32	22	0
33	22	0
34	22	0
35	22	0
36	22	0
37	22	0
38	22	0
39	22	0
40	22	0
41	22	0
42	22	0
43	22	0
44	22	0
45	22	0
46	22	0
47	22	0
48	22	0
49	22	0

0	23	0
1	23	0
2	23	0
3	23	0
4	23	0
5	23	0
6	23	0
7	23	0
8	23	0
9	23	0
10	23	0
11	23	0
12	23	0
13	23	0
14	23	0
15	23	0
16	23	0
17	23	0
18	23	4.60144e-37
19	23	1.21888e-26
20	23	5.91359e-18
21	23	5.25488e-11
22	23	8.55257e-06
23	23	0.0254949
24	23	1.39197
25	23	1.39197
26	23	0.0254949
27	23	8.55257e-06
28	23	5.25488e-11
29	23	5.91359e-18
30	23	1.21888e-26
31	23	4.60144e-37
32	23	0
33	23	0
34	23	0
35	23	0
36	23	0
37	23	0
38	23	0
39	23	0
40	23	0
41	23	0
42	23	0
43	23	0
44	23	0
45	23	0
46	23	0
47	23	0
48	23	0
49	23	0

0	24	0
1	24	0
2	24	0
3	24	0
4	24	0
5	24	0
6	24	0
7	24	0
8	24	0
9	24	0
10	24	0
11	24	0
12	24	0
13	24	0
14	24	0
15	24	0
16	24	0
17	24	0
18	24	4.69888e-37
19	24	1.24469e-26
20	24	6.03881e-18
21	24	5.36615e-11
22	24	8.73367e-06
23	24	0.0260347
24	24	1.42145
25	24	1.42145
26	24	0.0260347
27	24	8.73367e-06
28	24	5.36615e-11
29	24	6.03881e-18
30	24	1.24469e-26
31	24	4.69888e-37
32	24	0
33	24	0
34	24	0
35	24	0
36	24	0
37	24	0
38	24	0
39	24	0
40	24	0
41	24	0
42	24	0
43	24	0
44	24	0
45	24	0
46	24	0
47	24	0
48	24	0
49	24	0

0	25	0
1	25	0
2	25	0
3	25	0
4	25	0
5	25	0
6	25	0
7	25	0
8	25	0
9	25	0
10	25	0
11	25	0
12	25	0
13	25	0
14	25	0
15	25	0
16	25	0
17	25	0
18	25	4.79207e-37
19	25	1.26938e-26
20	25	6.15857e-18
21	25	5.47258e-11
22	25	8.90688e-06
23	25	0.026551
24	25	1.44964
25	25	1.44964
26	25	0.026551
27	25	8.90688e-06
28	25	5.47258e-11
29	25	6.15857e-18
30	25	1.26938e-26
31	25	4.79207e-37
32	25	0
33	25	0
34	25	0
35	25	0
36	25	0
37	25	0
38	25	0
39	25	0
40	25	0
41	25	0
42	25	0
43	25	0
44	25	0
45	25	0
46	25	0
47	25	0
48	25	0
49	25	0

0	26	0
1	26	0
2	26	0
3	26	0
4	26	0
5	26	0
6	26	0
7	26	0
8	26	0
9	26	0
10	26	0
11	26	0
12	26	0
13	26	0
14	26	0
15	26	0
16	26	0
17	26	0
18	26	4.88109e-37
19	26	1.29296e-26
20	26	6.27299e-18
21	26	5.57424e-11
22	26	9.07235e-06
23	26	0.0270443
24	26	1.47657
25	26	1.47657
26	26	0.0270443
27	26	9.07235e-06
28	26	5.57424e-11
29	26	6.27299e-18
30	26	1.29296e-26
31	26	4.88109e-37
32	26	0
33	26	0
34	26	0
35	26	0
36	26	0
37	26	0
38	26	0
39	26	0
40	26	0
41	26	0
42	26	0
43	26	0
44	26	0
45	26	0
46	26	0
47	26	0
48	26	0
49	26	0

0	27	0
1	27	0
2	27	0
3	27	0
4	27	0
5	27	0
6	27	0
7	27	0
8	27	0
9	27	0
10	27	0
11	27	0
12	27	0
13	27	0
14	27	0
15	27	0
16	27	0
17	27	0
18	27	4.96604e-37
19	27	1.31546e-26
20	27	6.38216e-18
21	27	5.67125e-11
22	27	9.23024e-06
23	27	0.0275149
24	27	1.50227
25	27	1.50227
26	27	0.0275149
27	27	9.23024e-06
28	27	5.67125e-11
29	27	6.38216e-18
30	27	1.31546e-26
31	27	4.96604e-37
32	27	0
33	27	0
34	27	0
35	27	0
36	27	0
37	27	0
38	27	0
39	27	0
40	27	0
41	27	0
42	27	0
43	27	0
44	27	0
45	27	0
46	27	0
47	27	0
48	27	0
49	27	0

0	28	0
1	28	0
2	28	0
3	28	0
4	28	0
5	28	0
6	28	0
7	28	0
8	28	0
9	28	0
10	28	0
11	28	0
12	28	0
13	28	0
14	28	0
15	28	0
16	28	0
17	28	0
18	28	5.047e-37
19	28	1.33691e-26
20	28	6.48621e-18
21	28	5.76372e-11
22	28	9.38072e-06
23	28	0.0279635
24	28	1.52676
25	28	1.52676
26	28	0.0279635
27	28	9.38072e-06
28	28	5.76372e-11
29	28	6.48621e-18
30	28	1.33691e-26
31	28	5.047e-37
32	28	0
33	28	0
34	28	0
35	28	0
36	28	0
37	28	0
38	28	0
39	28	0
40	28	0
41	28	0
42	28	0
43	28	0
44	28	0
45	28	0
46	28	0
47	28	0
48	28	0
49	28	0

0	29	0
1	29	0
2	29	0
3	29	0
4	29	0
5	29	0
6	29	0
7	29	0
8	29	0
9	29	0
10	29	0
11	29	0
12	29	0
13	29	0
14	29	0
15	29	0
16	29	0
17	29	0
18	29	5.12409e-37
19	29	1.35733e-26
20	29	6.58528e-18
21	29	5.85175e-11
22	29	9.52401e-06
23	29	0.0283907
24	29	1.55008
25	29	1.55008
26	29	0.0283907
27	29	9.52401e-06
28	29	5.85175e-11
29	29	6.58528e-18
30	29	1.35733e-26
31	29	5.12409e-37
32	29	0
33	29	0
34	29	0
35	29	0
36	29	0
37	29	0
38	29	0
39	29	0
40	29	0
41	29	0
42	29	0
43	29	0
44	29	0
45	29	0
46	29	0
47	29	0
48	29	0
49	29	0

0	30	0
1	30	0
2	30	0
3	30	0
4	30	0
5	30	0
6	30	0
7	30	0
8	30	0
9	30	0
10	30	0
11	30	0
12	30	0
13	30	0
14	30	0
15	30	0
16	30	0
17	30	0
18	30	5.19742e-37
19	30	1.37675e-26
20	30	6.67951e-18
21	30	5.93549e-11
22	30	9.6603e-06
23	30	0.0287969
24	30	1.57226
25	30	1.57226
26	30	0.0287969
27	30	9.6603e-06
28	30	5.93549e-11
29	30	6.67951e-18
30	30	1.37675e-26
31	30	5.19742e-37
32	30	0
33	30	0
34	30	0
35	30	0
36	30	0
37	30	0
38	30	0
39	30	0
40	30	0
41	30	0
42	30	0
43	30	0
44	30	0
45	30	0
46	30	0
47	30	0
48	30	0
49	30	0

0	31	0
1	31	0
2	31	0
3	31	0
4	31	0
5	31	0
6	31	0
7	31	0
8	31	0
9	31	0
10	31	0
11	31	0
12	31	0
13	31	0
14	31	0
15	31	0
16	31	0
17	31	0
18	31	5.2671e-37
19	31	1.39521e-26
20	31	6.76906e-18
21	31	6.01506e-11
22	31	9.7898e-06
23	31	0.029183
24	31	1.59334
25	31	1.59334
26	31	0.029183
27	31	9.7898e-06
28	31	6.01506e-11
29	31	6.76906e-18
30	31	1.39521e-26
31	31	5.2671e-37
32	31	0
33	31	0
34	31	0
35	31	0
36	31	0
37	31	0
38	31	0
39	31	0
40	31	0
41	31	0
42	31	0
43	31	0
44	31	0
45	31	0
46	31	0
47	31	0
48	31	0
49	31	0

0	32	0
1	32	0
2	32	0
3	32	0
4	32	0
5	32	0
6	32	0
7	32	0
8	32	0
9	32	0
10	32	0
11	32	0
12	32	0
13	32	0
14	32	0
15	32	0
16	32	0
17	32	0
18	32	5.33325e-37
19	32	1.41273e-26
20	32	6.85408e-18
21	32	6.09061e-11
22	32	9.91276e-06
23	32	0.0295495
24	32	1.61335
25	32	1.61335
26	32	0.0295495
27	32	9.91276e-06
28	32	6.09061e-11
29	32	6.85408e-18
30	32	1.41273e-26
31	32	5.33325e-37
32	32	0
33	32	0
34	32	0
35	32	0
36	32	0
37	32	0
38	32	0
39	32	0
40	32	0
41	32	0
42	32	0
43	32	0
44	32	0
45	32	0
46	32	0
47	32	0
48	32	0
49	32	0

0	33	0
1	33	0
2	33	0
3	33	0
4	33	0
5	33	0
6	33	0
7	33	0
8	33	0
9	33	0
10	33	0
11	33	0
12	33	0
13	33	0
14	33	0
15	33	0
16	33	0
17	33	0
18	33	5.396e-37
19	33	1.42935e-26
20	33	6.93472e-18
21	33	6.16227e-11
22	33	1.00294e-05
23	33	0.0298972
24	33	1.63233
25	33	1.63233
26	33	0.0298972
27	33	1.00294e-05
28	33	6.16227e-11
29	33	6.93472e-18
30	33	1.42935e-26
31	33	5.396e-37
32	33	0
33	33	0
34	33	0
35	33	0
36	33	0
37	33	0
38	33	0
39	33	0
40	33	0
41	33	0
42	33	0
43	33	0
44	33	0
45	33	0
46	33	0
47	33	0
48	33	0
49	33	0

0	34	0
1	34	0
2	34	0
3	34	0
4	34	0
5	34	0
6	34	0
7	34	0
8	34	0
9	34	0
10	34	0
11	34	0
12	34	0
13	34	0
14	34	0
15	34	0
16	34	0
17	34	0
18	34	5.45547e-37
19	34	1.44511e-26
20	34	7.01115e-18
21	34	6.23019e-11
22	34	1.01399e-05
23	34	0.0302267
24	34	1.65032
25	34	1.65032
26	34	0.0302267
27	34	1.01399e-05
28	34	6.23019e-11
29	34	7.01115e-18
30	34	1.44511e-26
31	34	5.45547e-37
32	34	0
33	34	0
34	34	0
35	34	0
36	34	0
37	34	0
38	34	0
39	34	0
40	34	0
41	34	0
42	34	0
43	34	0
44	34	0
45	34	0
46	34	0
47	34	0
48	34	0
49	34	0

0	35	0
1	35	0
2	35	0
3	35	0
4	35	0
5	35	0
6	35	0
7	35	0
8	35	0
9	35	0
10	35	0
11	35	0
12	35	0
13	35	0
14	35	0
15	35	0
16	35	0
17	35	0
18	35	5.51179e-37
19	35	1.46003e-26
20	35	7.08354e-18
21	35	6.29451e-11
22	35	1.02446e-05
23	35	0.0305388
24	35	1.66736
25	35	1.66736
26	35	0.0305388
27	35	1.02446e-05
28	35	6.29451e-11
29	35	7.08354e-18
30	35	1.46003e-26
31	35	5.51179e-37
32	35	0
33	35	0
34	35	0
35	35	0
36	35	0
37	35	0
38	35	0
39	35	0
40	35	0
41	35	0
42	35	0
43	35	0
44	35	0
45	35	0
46	35	0
47	35	0
48	35	0
49	35	0

0	36	0
1	36	0
2	36	0
3	36	0
4	36	0
5	36	0
6	36	0
7	36	0
8	36	0
9	36	0
10	36	0
11	36	0
12	36	0
13	36	0
14	36	0
15	36	0
16	36	0
17	36	0
18	36	5.56509e-37
19	36	1.47414e-26
20	36	7.15203e-18
21	36	6.35538e-11
22	36	1.03437e-05
23	36	0.0308341
24	36	1.68348
25	36	1.68348
26	36	0.0308341
27	36	1.03437e-05
28	36	6.35538e-11
29	36	7.15203e-18
30	36	1.47414e-26
31	36	5.56509e-37
32	36	0
33	36	0
34	36	0
35	36	0
36	36	0
37	36	0
38	36	0
39	36	0
40	36	0
41	36	0
42	36	0
43	36	0
44	36	0
45	36	0
46	36	0
47	36	0
48	36	0
49	36	0

0	37	0
1	37	0
2	37	0
3	37	0
4	37	0
5	37	0
6	37	0
7	37	0
8	37	0
9	37	0
10	37	0
11	37	0
12	37	0
13	37	0
14	37	0
15	37	0
16	37	0
17	37	0
18	37	5.6155e-37
19	37	1.4875e-26
20	37	7.21681e-18
21	37	6.41294e-11
22	37	1.04374e-05
23	37	0.0311133
24	37	1.69873
25	37	1.69873
26	37	0.0311133
27	37	1.04374e-05
28	37	6.41294e-11
29	37	7.21681e-18
30	37	1.4875e-26
31	37	5.6155e-37
32	37	0
33	37	0
34	37	0
35	37	0
36	37	0
37	37	0
38	37	0
39	37	0
40	37	0
41	37	0
42	37	0
43	37	0
44	37	0
45	37	0
46	37	0
47	37	0
48	37	0
49	37	0

0	38	0
1	38	0
2	38	0
3	38	0
4	38	0
5	38	0
6	38	0
7	38	0
8	38	0
9	38	0
10	38	0
11	38	0
12	38	0
13	38	0
14	38	0
15	38	0
16	38	0
17	38	0
18	38	5.66313e-37
19	38	1.50011e-26
20	38	7.27803e-18
21	38	6.46733e-11
22	38	1.05259e-05
23	38	0.0313773
24	38	1.71314
25	38	1.71314
26	38	0.0313773
27	38	1.05259e-05
28	38	6.46733e-11
29	38	7.27803e-18
30	38	1.50011e-26
31	38	5.66313e-37
32	38	0
33	38	0
34	38	0
35	38	0
36	38	0
37	38	0
38	38	0
39	38	0
40	38	0
41	38	0
42	38	0
43	38	0
44	38	0
45	38	0
46	38	0
47	38	0
48	38	0
49	38	0

0	39	0
1	39	0
2	39	0
3	39	0
4	39	0
5	39	0
6	39	0
7	39	0
8	39	0
9	39	0
10	39	0
11	39	0
12	39	0
13	39	0
14	39	0
15	39	0
16	39	0
17	39	0
18	39	5.70811e-37
19	39	1.51203e-26
20	39	7.33584e-18
21	39	6.51871e-11
22	39	1.06095e-05
23	39	0.0316265
24	39	1.72675
25	39	1.72675
26	39	0.0316265
27	39	1.06095e-05
28	39	6.51871e-11
29	39	7.33584e-18
30	39	1.51203e-26
31	39	5.70811e-37
32	39	0
33	39	0
34	39	0
35	39	0
36	39	0
37	39	0
38	39	0
39	39	0
40	39	0
41	39	0
42	39	0
43	39	0
44	39	0
45	39	0
46	39	0
47	39	0
48	39	0
49	39	0

0	40	0
1	40	0
2	40	0
3	40	0
4	40	0
5	40	0
6	40	0
7	40	0
8	40	0
9	40	0
10	40	0
11	40	0
12	40	0
13	40	0
14	40	0
15	40	0
16	40	0
17	40	0
18	40	5.75057e-37
19	40	1.52328e-26
20	40	7.39041e-18
21	40	6.5672e-11
22	40	1.06884e-05
23	40	0.0318618
24	40	1.73959
25	40	1.73959
26	40	0.0318618
27	40	1.06884e-05
28	40	6.5672e-11
29	40	7.39041e-18
30	40	1.52328e-26
31	40	5.75057e-37
32	40	0
33	40	0
34	40	0
35	40	0
36	40	0
37	40	0
38	40	0
39	40	0
40	40	0
41	40	0
42	40	0
43	40	0
44	40	0
45	40	0
46	40	0
47	40	0
48	40	0
49	40	0

0	41	0
1	41	0
2	41	0
3	41	0
4	41	0
5	41	0
6	41	0
7	41	0
8	41	0
9	41	0
10	41	0
11	41	0
12	41	0
13	41	0
14	41	0
15	41	0
16	41	0
17	41	0
18	41	5.79063e-37
19	41	1.53389e-26
20	41	7.44188e-18
21	41	6.61294e-11
22	41	1.07629e-05
23	41	0.0320837
24	41	1.75171
25	41	1.75171
26	41	0.0320837
27	41	1.07629e-05
28	41	6.61294e-11
29	41	7.44188e-18
30	41	1.53389e-26
31	41	5.79063e-37
32	41	0
33	41	0
34	41	0
35	41	0
36	41	0
37	41	0
38	41	0
39	41	0
40	41	0
41	41	0
42	41	0
43	41	0
44	41	0
45	41	0
46	41	0
47	41	0
48	41	0
49	41	0

0	42	0
1	42	0
2	42	0
3	42	0
4	42	0
5	42	0
6	42	0
7	42	0
8	42	0
9	42	0
10	42	0
11	42	0
12	42	0
13	42	0
14	42	0
15	42	0
16	42	0
17	42	0
18	42	5.82839e-37
19	42	1.54389e-26
20	42	7.49041e-18
21	42	6.65606e-11
22	42	1.08331e-05
23	42	0.0322929
24	42	1.76313
25	42	1.76313
26	42	0.0322929
27	42	1.08331e-05
28	42	6.65606e-11
29	42	7.49041e-18
30	42	1.54389e-26
31	42	5.82839e-37
32	42	0
33	42	0
34	42	0
35	42	0
36	42	0
37	42	0
38	42	0
39	42	0
40	42	0
41	42	0
42	42	0
43	42	0
44	42	0
45	42	0
46	42	0
47	42	0
48	42	0
49	42	0

0	43	0
1	43	0
2	43	0
3	43	0
4	43	0
5	43	0
6	43	0
7	43	0
8	43	0
9	43	0
10	43	0
11	43	0
12	43	0
13	43	0
14	43	0
15	43	0
16	43	0
17	43	0
18	43	5.86397e-37
19	43	1.55331e-26
20	43	7.53614e-18
21	43	6.6967e-11
22	43	1.08992e-05
23	43	0.03249
24	43	1.7739
25	43	1.7739
26	43	0.03249
27	43	1.08992e-05
28	43	6.6967e-11
29	43	7.53614e-18
30	43	1.55331e-26
31	43	5.86397e-37
32	43	0
33	43	0
34	43	0
35	43	0
36	43	0
37	43	0
38	43	0
39	43	0
40	43	0
41	43	0
42	43	0
43	43	0
44	43	0
45	43	0
46	43	0
47	43	0
48	43	0
49	43	0

0	44	0
1	44	0
2	44	0
3	44	0
4	44	0
5	44	0
6	44	0
7	44	0
8	44	0
9	44	0
10	44	0
11	44	0
12	44	0
13	44	0
14	44	0
15	44	0
16	44	0
17	44	0
18	44	5.89749e-37
19	44	1.56219e-26
20	44	7.57921e-18
21	44	6.73497e-11
22	44	1.09615e-05
23	44	0.0326757
24	44	1.78403
25	44	1.78403
26	44	0.0326757
27	44	1.09615e-05
28	44	6.73497e-11
29	44	7.57921e-18
30	44	1.56219e-26
31	44	5.89749e-37
32	44	0
33	44	0
34	44	0
35	44	0
36	44	0
37	44	0
38	44	0
39	44	0
40	44	0
41	44	0
42	44	0
43	44	0
44	44	0
45	44	0
46	44	0
47	44	0
48	44	0
49	44	0

0	45	0
1	45	0
2	45	0
3	45	0
4	45	0
5	45	0
6	45	0
7	45	0
8	45	0
9	45	0
10	45	0
11	45	0
12	45	0
13	45	0
14	45	0
15	45	0
16	45	0
17	45	0
18	45	5.92904e-37
19	45	1.57055e-26
20	45	7.61976e-18
21	45	6.77101e-11
22	45	1.10201e-05
23	45	0.0328506
24	45	1.79358
25	45	1.79358
26	45	0.0328506
27	45	1.10201e-05
28	45	6.77101e-11
29	45	7.61976e-18
30	45	1.57055e-26
31	45	5.92904e-37
32	45	0
33	45	0
34	45	0
35	45	0
36	45	0
37	45	0
38	45	0
39	45	0
40	45	0
41	45	0
42	45	0
43	45	0
44	45	0
45	45	0
46	45	0
47	45	0
48	45	0
49	45	0

0	46	0
1	46	0
2	46	0
3	46	0
4	46	0
5	46	0
6	46	0
7	46	0
8	46	0
9	46	0
10	46	0
11	46	0
12	46	0
13	46	0
14	46	0
15	46	0
16	46	0
17	46	0
18	46	5.95873e-37
19	46	1.57842e-26
20	46	7.65792e-18
21	46	6.80491e-11
22	46	1.10753e-05
23	46	0.0330151
24	46	1.80256
25	46	1.80256
26	46	0.0330151
27	46	1.10753e-05
28	46	6.80491e-11
29	46	7.65792e-18
30	46	1.57842e-26
31	46	5.95873e-37
32	46	0
33	46	0
34	46	0
35	46	0
36	46	0
37	46	0
38	46	0
39	46	0
40	46	0
41	46	0
42	46	0
43	46	0
44	46	0
45	46	0
46	46	0
47	46	0
48	46	0
49	46	0

0	47	0
1	47	0
2	47	0
3	47	0
4	47	0
5	47	0
6	47	0
7	47	0
8	47	0
9	47	0
10	47	0
11	47	0
12	47	0
13	47	0
14	47	0
15	47	0
16	47	0
17	47	0
18	47	5.98666e-37
19	47	1.58581e-26
20	47	7.69381e-18
21	47	6.83681e-11
22	47	1.11272e-05
23	47	0.0331698
24	47	1.81101
25	47	1.81101
26	47	0.0331698
27	47	1.11272e-05
28	47	6.83681e-11
29	47	7.69381e-18
30	47	1.58581e-26
31	47	5.98666e-37
32	47	0
33	47	0
34	47	0
35	47	0
36	47	0
37	47	0
38	47	0
39	47	0
40	47	0
41	47	0
42	47	0
43	47	0
44	47	0
45	47	0
46	47	0
47	47	0
48	47	0
49	47	0

0	48	0
1	48	0
2	48	0
3	48	0
4	48	0
5	48	0
6	48	0
7	48	0
8	48	0
9	48	0
10	48	0
11	48	0
12	48	0
13	48	0
14	48	0
15	48	0
16	48	0
17	48	0
18	48	6.01292e-37
19	48	1.59277e-26
20	48	7.72756e-18
21	48	6.8668e-11
22	48	1.1176e-05
23	48	0.0333153
24	48	1.81895
25	48	1.81895
26	48	0.0333153
27	48	1.1176e-05
28	48	6.8668e-11
29	48	7.72756e-18
30	48	1.59277e-26
31	48	6.01292e-37
32	48	0
33	48	0
34	48	0
35	48	0
36	48	0
37	48	0
38	48	0
39	48	0
40	48	0
41	48	0
42	48	0
43	48	0
44	48	0
45	48	0
46	48	0
47	48	0
48	48	0
49	48	0

0	49	0
1	49	0
2	49	0
3	49	0
4	49	0
5	49	0
6	49	0
7	49	0
8	49	0
9	49	0
10	49	0
11	49	0
12	49	0
13	49	0
14	49	0
15	49	0
16	49	0
17	49	0
18	49	6.0376e-37
19	49	1.59931e-26
20	49	7.75929e-18
21	49	6.89499e-11
22	49	1.12219e-05
23	49	0.0334521
24	49	1.82642
25	49	1.82642
26	49	0.0334521
27	49	1.12219e-05
28	49	6.89499e-11
29	49	7.75929e-18
30	49	1.59931e-26
31	49	6.0376e-37
32	49	0
33	49	0
34	49	0
35	49	0
36	49	0
37	49	0
38	49	0
39	49	0
40	49	0
41	49	0
42	49	0
43	49	0
44	49	0
45	49	0
46	49	0
47	49	0
48	49	0
49	49	0

0	50	0
1	50	0
2	50	0
3	50	0
4	50	0
5	50	0
6	50	0
7	50	0
8	50	0
9	50	0
10	50	0
11	50	0
12	50	0
13	50	0
14	50	0
15	50	0
16	50	0
17	50	0
18	50	6.0608e-37
19	50	1.60545e-26
20	50	7.78909e-18
21	50	6.92148e-11
22	50	1.1265e-05
23	50	0.0335806
24	50	1.83344
25	50	1.83344
26	50	0.0335806
27	50	1.1265e-05
28	50	6.92148e-11
29	50	7.78909e-18
30	50	1.60545e-26
31	50	6.0608e-37
32	50	0
33	50	0
34	50	0
35	50	0
36	50	0
37	50	0
38	50	0
39	50	0
40	50	0
41	50	0
42	50	0
43	50	0
44	50	0
45	50	0
46	50	0
47	50	0
48	50	0
49	50	0

0	51	0
1	51	0
2	51	0
3	51	0
4	51	0
5	51	0
6	51	0
7	51	0
8	51	0
9	51	0
10	51	0
11	51	0
12	51	0
13	51	0
14	51	0
15	51	0
16	51	0
17	51	0
18	51	6.08258e-37
19	51	1.61122e-26
20	51	7.81709e-18
21	51	6.94636e-11
22	51	1.13055e-05
23	51	0.0337013
24	51	1.84003
25	51	1.84003
26	51	0.0337013
27	51	1.13055e-05
28	51	6.94636e-11
29	51	7.81709e-18
30	51	1.61122e-26
31	51	6.08258e-37
32	51	0
33	51	0
34	51	0
35	51	0
36	51	0
37	51	0
38	51	0
39	51	0
40	51	0
41	51	0
42	51	0
43	51	0
44	51	0
45	51	0
46	51	0
47	51	0
48	51	0
49	51	0

0	52	0
1	52	0
2	52	0
3	52	0
4	52	0
5	52	0
6	52	0
7	52	0
8	52	0
9	52	0
10	52	0
11	52	0
12	52	0
13	52	0
14	52	0
15	52	0
16	52	0
17	52	0
18	52	6.10414e-37
19	52	1.61693e-26
20	52	7.84479e-18
21	52	6.97097e-11
22	52	1.13456e-05
23	52	0.0338207
24	52	1.84655
25	52	1.84655
26	52	0.0338207
27	52	1.13456e-05
28	52	6.97097e-11
29	52	7.84479e-18
30	52	1.61693e-26
31	52	6.10414e-37
32	52	0
33	52	0
34	52	0
35	52	0
36	52	0
37	52	0
38	52	0
39	52	0
40	52	0
41	52	0
42	52	0
43	52	0
44	52	0
45	52	0
46	52	0
47	52	0
48	52	0
49	52	0

0	53	0
1	53	0
2	53	0
3	53	0
4	53	0
5	53	0
6	53	0
7	53	0
8	53	0
9	53	0
10	53	0
11	53	0
12	53	0
13	53	0
14	53	0
15	53	0
16	53	0
17	53	0
18	53	6.12385e-37
19	53	1.62215e-26
20	53	7.87013e-18
21	53	6.99348e-11
22	53	1.13822e-05
23	53	0.03393
24	53	1.85251
25	53	1.85251
26	53	0.03393
27	53	1.13822e-05
28	53	6.99348e-11
29	53	7.87013e-18
30	53	1.62215e-26
31	53	6.12385e-37
32	53	0
33	53	0
34	53	0
35	53	0
36	53	0
37	53	0
38	53	0
39	53	0
40	53	0
41	53	0
42	53	0
43	53	0
44	53	0
45	53	0
46	53	0
47	53	0
48	53	0
49	53	0

0	54	0
1	54	0
2	54	0
3	54	0
4	54	0
5	54	0
6	54	0
7	54	0
8	54	0
9	54	0
10	54	0
11	54	0
12	54	0
13	54	0
14	54	0
15	54	0
16	54	0
17	54	0
18	54	6.14241e-37
19	54	1.62707e-26
20	54	7.89398e-18
21	54	7.01468e-11
22	54	1.14167e-05
23	54	0.0340328
24	54	1.85813
25	54	1.85813
26	54	0.0340328
27	54	1.14167e-05
28	54	7.01468e-11
29	54	7.89398e-18
30	54	1.62707e-26
31	54	6.14241e-37
32	54	0
33	54	0
34	54	0
35	54	0
36	54	0
37	54	0
38	54	0
39	54	0
40	54	0
41	54	0
42	54	0
43	54	0
44	54	0
45	54	0
46	54	0
47	54	0
48	54	0
49	54	0

0	55	0
1	55	0
2	55	0
3	55	0
4	55	0
5	55	0
6	55	0
7	55	0
8	55	0
9	55	0
10	55	0
11	55	0
12	55	0
13	55	0
14	55	0
15	55	0
16	55	0
17	55	0
18	55	6.1598e-37
19	55	1.63168e-26
20	55	7.91633e-18
21	55	7.03454e-11
22	55	1.14491e-05
23	55	0.0341291
24	55	1.86339
25	55	1.86339
26	55	0.0341291
27	55	1.14491e-05
28	55	7.03454e-11
29	55	7.91633e-18
30	55	1.63168e-26
31	55	6.1598e-37
32	55	0
33	55	0
34	55	0
35	55	0
36	55	0
37	55	0
38	55	0
39	55	0
40	55	0
41	55	0
42	55	0
43	55	0
44	55	0
45	55	0
46	55	0
47	55	0
48	55	0
49	55	0

0	56	0
1	56	0
2	56	0
3	56	0
4	56	0
5	56	0
6	56	0
7	56	0
8	56	0
9	56	0
10	56	0
11	56	0
12	56	0
13	56	0
14	56	0
15	56	0
16	56	0
17	56	0
18	56	6.17611e-37
19	56	1.636e-26
20	56	7.93729e-18
21	56	7.05317e-11
22	56	1.14794e-05
23	56	0.0342195
24	56	1.86832
25	56	1.86832
26	56	0.0342195
27	56	1.14794e-05
28	56	7.05317e-11
29	56	7.93729e-18
30	56	1.636e-26
31	56	6.17611e-37
32	56	0
33	56	0
34	56	0
35	56	0
36	56	0
37	56	0
38	56	0
39	56	0
40	56	0
41	56	0
42	56	0
43	56	0
44	56	0
45	56	0
46	56	0
47	56	0
48	56	0
49	56	0

0	57	0
1	57	0
2	57	0
3	57	0
4	57	0
5	57	0
6	57	0
7	57	0
8	57	0
9	57	0
10	57	0
11	57	0
12	57	0
13	57	0
14	57	0
15	57	0
16	57	0
17	57	0
18	57	6.1914e-37
19	57	1.64005e-26
20	57	7.95694e-18
21	57	7.07063e-11
22	57	1.15078e-05
23	57	0.0343042
24	57	1.87295
25	57	1.87295
26	57	0.0343042
27	57	1.15078e-05
28	57	7.07063e-11
29	57	7.95694e-18
30	57	1.64005e-26
31	57	6.1914e-37
32	57	0
33	57	0
34	57	0
35	57	0
36	57	0
37	57	0
38	57	0
39	57	0
40	57	0
41	57	0
42	57	0
43	57	0
44	57	0
45	57	0
46	57	0
47	57	0
48	57	0
49	57	0

0	58	0
1	58	0
2	58	0
3	58	0
4	58	0
5	58	0
6	58	0
7	58	0
8	58	0
9	58	0
10	58	0
11	58	0
12	58	0
13	58	0
14	58	0
15	58	0
16	58	0
17	58	0
18	58	6.20573e-37
19	58	1.64384e-26
20	58	7.97536e-18
21	58	7.08699e-11
22	58	1.15344e-05
23	58	0.0343836
24	58	1.87728
25	58	1.87728
26	58	0.0343836
27	58	1.15344e-05
28	58	7.08699e-11
29	58	7.97536e-18
30	58	1.64384e-26
31	58	6.20573e-37
32	58	0
33	58	0
34	58	0
35	58	0
36	58	0
37	58	0
38	58	0
39	58	0
40	58	0
41	58	0
42	58	0
43	58	0
44	58	0
45	58	0
46	58	0
47	58	0
48	58	0
49	58	0

0	59	0
1	59	0
2	59	0
3	59	0
4	59	0
5	59	0
6	59	0
7	59	0
8	59	0
9	59	0
10	59	0
11	59	0
12	59	0
13	59	0
14	59	0
15	59	0
16	59	0
17	59	0
18	59	6.21917e-37
19	59	1.6474e-26
20	59	7.99262e-18
21	59	7.10233e-11
22	59	1.15594e-05
23	59	0.034458
24	59	1.88135
25	59	1.88135
26	59	0.034458
27	59	1.15594e-05
28	59	7.10233e-11
29	59	7.99262e-18
30	59	1.6474e-26
31	59	6.21917e-37
32	59	0
33	59	0
34	59	0
35	59	0
36	59	0
37	59	0
38	59	0
39	59	0
40	59	0
41	59	0
42	59	0
43	59	0
44	59	0
45	59	0
46	59	0
47	59	0
48	59	0
49	59	0

0	60	0
1	60	0
2	60	0
3	60	0
4	60	0
5	60	0
6	60	0
7	60	0
8	60	0
9	60	0
10	60	0
11	60	0
12	60	0
13	60	0
14	60	0
15	60	0
16	60	0
17	60	0
18	60	6.23175e-37
19	60	1.65074e-26
20	60	8.0088e-18
21	60	7.11671e-11
22	60	1.15828e-05
23	60	0.0345278
24	60	1.88515
25	60	1.88515
26	60	0.0345278
27	60	1.15828e-05
28	60	7.11671e-11
29	60	8.0088e-18
30	60	1.65074e-26
31	60	6.23175e-37
32	60	0
33	60	0
34	60	0
35	60	0
36	60	0
37	60	0
38	60	0
39	60	0
40	60	0
41	60	0
42	60	0
43	60	0
44	60	0
45	60	0
46	60	0
47	60	0
48	60	0
49	60	0

0	61	0
1	61	0
2	61	0
3	61	0
4	61	0
5	61	0
6	61	0
7	61	0
8	61	0
9	61	0
10	61	0
11	61	0
12	61	0
13	61	0
14	61	0
15	61	0
16	61	0
17	61	0
18	61	6.24354e-37
19	61	1.65386e-26
20	61	8.02395e-18
21	61	7.13017e-11
22	61	1.16047e-05
23	61	0.0345931
24	61	1.88872
25	61	1.88872
26	61	0.0345931
27	61	1.16047e-05
28	61	7.13017e-11
29	61	8.02395e-18
30	61	1.65386e-26
31	61	6.24354e-37
32	61	0
33	61	0
34	61	0
35	61	0
36	61	0
37	61	0
38	61	0
39	61	0
40	61	0
41	61	0
42	61	0
43	61	0
44	61	0
45	61	0
46	61	0
47	61	0
48	61	0
49	61	0

0	62	0
1	62	0
2	62	0
3	62	0
4	62	0
5	62	0
6	62	0
7	62	0
8	62	0
9	62	0
10	62	0
11	62	0
12	62	0
13	62	0
14	62	0
15	62	0
16	62	0
17	62	0
18	62	6.25459e-37
19	62	1.65679e-26
20	62	8.03815e-18
21	62	7.14279e-11
22	62	1.16252e-05
23	62	0.0346543
24	62	1.89206
25	62	1.89206
26	62	0.0346543
27	62	1.16252e-05
28	62	7.14279e-11
29	62	8.03815e-18
30	62	1.65679e-26
31	62	6.25459e-37
32	62	0
33	62	0
34	62	0
35	62	0
36	62	0
37	62	0
38	62	0
39	62	0
40	62	0
41	62	0
42	62	0
43	62	0
44	62	0
45	62	0
46	62	0
47	62	0
48	62	0
49	62	0

0	63	0
1	63	0
2	63	0
3	63	0
4	63	0
5	63	0
6	63	0
7	63	0
8	63	0
9	63	0
10	63	0
11	63	0
12	63	0
13	63	0
14	63	0
15	63	0
16	63	0
17	63	0
18	63	3.91094e-36
19	63	6.13885e-26
20	63	1.92572e-17
21	63	1.20724e-10
22	63	1.51251e-05
23	63	0.0378704
24	63	1.89497
25	63	1.89497
26	63	0.0378704
27	63	1.51251e-05
28	63	1.20724e-10
29	63	1.92572e-17
30	63	6.13885e-26
31	63	3.91094e-36
32	63	0
33	63	0
34	63	0
35	63	0
36	63	0
37	63	0
38	63	0
39	63	0
40	63	0
41	63	0
42	63	0
43	63	0
44	63	0
45	63	0
46	63	0
47	63	0
48	63	0
49	63	0

0	64	0
1	64	0
2	64	0
3	64	0
4	64	0
5	64	0
6	64	0
7	64	0
8	64	0
9	64	0
10	64	0
11	64	0
12	64	0
13	64	0
14	64	0
15	64	0
16	64	0
17	64	0
18	64	5.0021e-35
19	64	3.79165e-25
20	64	6.48475e-17
21	64	2.50232e-10
22	64	2.17862e-05
23	64	0.0427964
24	64	1.89679
25	64	1.89679
26	64	0.0427964
27	64	2.17862e-05
28	64	2.50232e-10
29	64	6.48475e-17
30	64	3.79165e-25
31	64	5.0021e-35
32	64	0
33	64	0
34	64	0
35	64	0
36	64	0
37	64	0
38	64	0
39	64	0
40	64	0
41	64	0
42	64	0
43	64	0
44	64	0
45	64	0
46	64	0
47	64	0
48	64	0
49	64	0

0	65	0
1	65	0
2	65	0
3	65	0
4	65	0
5	65	0
6	65	0
7	65	0
8	65	0
9	65	0
10	65	0
11	65	0
12	65	0
13	65	0
14	65	0
15	65	0
16	65	0
17	65	4.2039e-45
18	65	5.69001e-34
19	65	2.15347e-24
20	65	2.06455e-16
21	65	5.01389e-10
22	65	3.08452e-05
23	65	0.0480687
24	65	1.89758
25	65	1.89758
26	65	0.0480687
27	65	3.08452e-05
28	65	5.01389e-10
29	65	2.06455e-16
30	65	2.15347e-24
31	65	5.69001e-34
32	65	4.2039e-45
33	65	0
34	65	0
35	65	0
36	65	0
37	65	0
38	65	0
39	65	0
40	65	0
41	65	0
42	65	0
43	65	0
44	65	0
45	65	0
46	65	0
47	65	0
48	65	0
49	65	0

0	66	0
1	66	0
2	66	0
3	66	0
4	66	0
5	66	0
6	66	0
7	66	0
8	66	0
9	66	0
10	66	0
11	66	0
12	66	0
13	66	0
14	66	0
15	66	0
16	66	0
17	66	8.40779e-44
18	66	5.79736e-33
19	66	1.13034e-23
20	66	6.23532e-16
21	66	9.73149e-10
22	66	4.29703e-05
23	66	0.053682
24	66	1.8974
25	66	1.8974
26	66	0.053682
27	66	4.29703e-05
28	66	9.73149e-10
29	66	6.23532e-16
30	66	1.13034e-23
31	66	5.79736e-33
32	66	8.40779e-44
33	66	0
34	66	0
35	66	0
36	66	0
37	66	0
38	66	0
39	66	0
40	66	0
41	66	0
42	66	0
43	66	0
44	66	0
45	66	0
46	66	0
47	66	0
48	66	0
49	66	0

0	67	0
1	67	0
2	67	0
3	67	0
4	67	0
5	67	0
6	67	0
7	67	0
8	67	0
9	67	0
10	67	0
11	67	0
12	67	0
13	67	0
14	67	0
15	67	0
16	67	0
17	67	1.6185e-42
18	67	5.32519e-32
19	67	5.50898e-23
20	67	1.79206e-15
21	67	1.83306e-09
22	67	5.89582e-05
23	67	0.0596289
24	67	1.89632
25	67	1.89632
26	67	0.0596289
27	67	5.89582e-05
28	67	1.83306e-09
29	67	1.79206e-15
30	67	5.50898e-23
31	67	5.32519e-32
32	67	1.6185e-42
33	67	0
34	67	0
35	67	0
36	67	0
37	67	0
38	67	0
39	67	0
40	67	0
41	67	0
42	67	0
43	67	0
44	67	0
45	67	0
46	67	0
47	67	0
48	67	0
49	67	0

0	68	0
1	68	0
2	68	0
3	68	0
4	68	0
5	68	0
6	68	0
7	68	0
8	68	0
9	68	0
10	68	0
11	68	0
12	68	0
13	68	0
14	68	0
15	68	0
16	68	0
17	68	2.73477e-41
18	68	4.43673e-31
19	68	2.50386e-22
20	68	4.91548e-15
21	68	3.35683e-09
22	68	7.97451e-05
23	68	0.0659001
24	68	1.89443
25	68	1.89443
26	68	0.0659001
27	68	7.97451e-05
28	68	3.35683e-09
29	68	4.91548e-15
30	68	2.50386e-22
31	68	4.43673e-31
32	68	2.73477e-41
33	68	0
34	68	0
35	68	0
36	68	0
37	68	0
38	68	0
39	68	0
40	68	0
41	68	0
42	68	0
43	68	0
44	68	0
45	68	0
46	68	0
47	68	0
48	68	0
49	68	0

0	69	0
1	69	0
2	69	0
3	69	0
4	69	0
5	69	0
6	69	0
7	69	0
8	69	0
9	69	0
10	69	0
11	69	0
12	69	0
13	69	0
14	69	0
15	69	0
16	69	0
17	69	4.08801e-40
18	69	3.37173e-30
19	69	1.06554e-21
20	69	1.29024e-14
21	69	5.98616e-09
22	69	0.000106416
23	69	0.0724849
24	69	1.89176
25	69	1.89176
26	69	0.0724849
27	69	0.000106416
28	69	5.98616e-09
29	69	1.29024e-14
30	69	1.06554e-21
31	69	3.37173e-30
32	69	4.08801e-40
33	69	0
34	69	0
35	69	0
36	69	0
37	69	0
38	69	0
39	69	0
40	69	0
41	69	0
42	69	0
43	69	0
44	69	0
45	69	0
46	69	0
47	69	0
48	69	0
49	69	0

0	70	0
1	70	0
2	70	0
3	70	0
4	70	0
5	70	0
6	70	0
7	70	0
8	70	0
9	70	0
10	70	0
11	70	0
12	70	0
13	70	0
14	70	0
15	70	0
16	70	0
17	70	5.44441e-39
18	70	2.34957e-29
19	70	4.26176e-21
20	70	3.24906e-14
21	70	1.0411e-08
22	70	0.000140215
23	70	0.0793708
24	70	1.8884
25	70	1.8884
26	70	0.0793708
27	70	0.000140215
28	70	1.0411e-08
29	70	3.24906e-14
30	70	4.26176e-21
31	70	2.34957e-29
32	70	5.44441e-39
33	70	0
34	70	0
35	70	0
36	70	0
37	70	0
38	70	0
39	70	0
40	70	0
41	70	0
42	70	0
43	70	0
44	70	0
45	70	0
46	70	0
47	70	0
48	70	0
49	70	0

0	71	0
1	71	0
2	71	0
3	71	0
4	71	0
5	71	0
6	71	0
7	71	0
8	71	0
9	71	0
10	71	0
11	71	0
12	71	0
13	71	0
14	71	0
15	71	0
16	71	0
17	71	6.50159e-38
18	71	1.50854e-28
19	71	1.60754e-20
20	71	7.86741e-14
21	71	1.76835e-08
22	71	0.000182545
23	71	0.0865442
24	71	1.88439
25	71	1.88439
26	71	0.0865442
27	71	0.000182545
28	71	1.76835e-08
29	71	7.86741e-14
30	71	1.60754e-20
31	71	1.50854e-28
32	71	6.50159e-38
33	71	0
34	71	0
35	71	0
36	71	0
37	71	0
38	71	0
39	71	0
40	71	0
41	71	0
42	71	0
43	71	0
44	71	0
45	71	0
46	71	0
47	71	0
48	71	0
49	71	0

0	72	0
1	72	0
2	72	0
3	72	0
4	72	0
5	72	0
6	72	0
7	72	0
8	72	0
9	72	0
10	72	0
11	72	0
12	72	0
13	72	0
14	72	0
15	72	0
16	72	0
17	72	7.00408e-37
18	72	8.96479e-28
19	72	5.73724e-20
20	72	1.83586e-13
21	72	2.93729e-08
22	72	0.000234979
23	72	0.0939903
24	72	1.87979
25	72	1.87979
26	72	0.0939903
27	72	0.000234979
28	72	2.93729e-08
29	72	1.83586e-13
30	72	5.73724e-20
31	72	8.96479e-28
32	72	7.00408e-37
33	72	0
34	72	0
35	72	0
36	72	0
37	72	0
38	72	0
39	72	0
40	72	0
41	72	0
42	72	0
43	72	0
44	72	0
45	72	0
46	72	0
47	72	0
48	72	0
49	72	0

0	73	0
1	73	0
2	73	0
3	73	0
4	73	0
5	73	0
6	73	0
7	73	0
8	73	0
9	73	0
10	73	0
11	73	0
12	73	0
13	73	0
14	73	0
15	73	0
16	73	0
17	73	6.84481e-36
18	73	4.95168e-27
19	73	1.94318e-19
20	73	4.13666e-13
21	73	4.77703e-08
22	73	0.000299254
23	73	0.101694
24	73	1.87465
25	73	1.87465
26	73	0.101694
27	73	0.000299254
28	73	4.77703e-08
29	73	4.13666e-13
30	73	1.94318e-19
31	73	4.95168e-27
32	73	6.84481e-36
33	73	0
34	73	0
35	73	0
36	73	0
37	73	0
38	73	0
39	73	0
40	73	0
41	73	0
42	73	0
43	73	0
44	73	0
45	73	0
46	73	0
47	73	0
48	73	0
49	73	0

0	74	0
1	74	0
2	74	0
3	74	0
4	74	0
5	74	0
6	74	0
7	74	0
8	74	0
9	74	0
10	74	0
11	74	0
12	74	0
13	74	0
14	74	0
15	74	0
16	74	7.00649e-45
17	74	6.1004e-35
18	74	2.55225e-26
19	74	6.26375e-19
20	74	9.01764e-13
21	74	7.61554e-08
22	74	0.000377273
23	74	0.109638
24	74	1.86901
25	74	1.86901
26	74	0.109638
27	74	0.000377273
28	74	7.61554e-08
29	74	9.01764e-13
30	74	6.26375e-19
31	74	2.55225e-26
32	74	6.1004e-35
33	74	7.00649e-45
34	74	0
35	74	0
36	74	0
37	74	0
38	74	0
39	74	0
40	74	0
41	74	0
42	74	0
43	74	0
44	74	0
45	74	0
46	74	0
47	74	0
48	74	0
49	74	0

0	75	0
1	75	0
2	75	0
3	75	0
4	75	0
5	75	0
6	75	0
7	75	0
8	75	0
9	75	0
10	75	0
11	75	0
12	75	0
13	75	0
14	75	0
15	75	0
16	75	1.28919e-43
17	75	4.98245e-34
18	75	1.23205e-25
19	75	1.9266e-18
20	75	1.90513e-12
21	75	1.19133e-07
22	75	0.000471101
23	75	0.117806
24	75	1.86292
25	75	1.86292
26	75	0.117806
27	75	0.000471101
28	75	1.19133e-07
29	75	1.90513e-12
30	75	1.9266e-18
31	75	1.23205e-25
32	75	4.98245e-34
33	75	1.28919e-43
34	75	0
35	75	0
36	75	0
37	75	0
38	75	0
39	75	0
40	75	0
41	75	0
42	75	0
43	75	0
44	75	0
45	75	0
46	75	0
47	75	0
48	75	0
49	75	0

0	76	0
1	76	0
2	76	0
3	76	0
4	76	0
5	76	0
6	76	0
7	76	0
8	76	0
9	76	0
10	76	0
11	76	0
12	76	0
13	76	0
14	76	0
15	76	0
16	76	1.70818e-42
17	76	3.74637e-33
18	76	5.58955e-25
19	76	5.66842e-18
20	76	3.9072e-12
21	76	1.83059e-07
22	76	0.000582952
23	76	0.126181
24	76	1.85642
25	76	1.85642
26	76	0.126181
27	76	0.000582952
28	76	1.83059e-07
29	76	3.9072e-12
30	76	5.66842e-18
31	76	5.58955e-25
32	76	3.74637e-33
33	76	1.70818e-42
34	76	0
35	76	0
36	76	0
37	76	0
38	76	0
39	76	0
40	76	0
41	76	0
42	76	0
43	76	0
44	76	0
45	76	0
46	76	0
47	76	0
48	76	0
49	76	0

0	77	0
1	77	0
2	77	0
3	77	0
4	77	0
5	77	0
6	77	0
7	77	0
8	77	0
9	77	0
10	77	0
11	77	0
12	77	0
13	77	0
14	77	0
15	77	0
16	77	2.06678e-41
17	77	2.60438e-32
18	77	2.3908e-24
19	77	1.59895e-17
20	77	7.79073e-12
21	77	2.76549e-07
22	77	0.000715185
23	77	0.134746
24	77	1.84954
25	77	1.84954
26	77	0.134746
27	77	0.000715185
28	77	2.76549e-07
29	77	7.79073e-12
30	77	1.59895e-17
31	77	2.3908e-24
32	77	2.60438e-32
33	77	2.06678e-41
34	77	0
35	77	0
36	77	0
37	77	0
38	77	0
39	77	0
40	77	0
41	77	0
42	77	0
43	77	0
44	77	0
45	77	0
46	77	0
47	77	0
48	77	0
49	77	0

0	78	0
1	78	0
2	78	0
3	78	0
4	78	0
5	78	0
6	78	0
7	78	0
8	78	0
9	78	0
10	78	0
11	78	0
12	78	0
13	78	0
14	78	0
15	78	0
16	78	2.27476e-40
17	78	1.68064e-31
18	78	9.67043e-24
19	78	4.33363e-17
20	78	1.51248e-11
21	78	4.11114e-07
22	78	0.000870291
23	78	0.143483
24	78	1.84233
25	78	1.84233
26	78	0.143483
27	78	0.000870291
28	78	4.11114e-07
29	78	1.51248e-11
30	78	4.33363e-17
31	78	9.67043e-24
32	78	1.68064e-31
33	78	2.27476e-40
34	78	0
35	78	0
36	78	0
37	78	0
38	78	0
39	78	0
40	78	0
41	78	0
42	78	0
43	78	0
44	78	0
45	78	0
46	78	0
47	78	0
48	78	0
49	78	0

0	79	0
1	79	0
2	79	0
3	79	0
4	79	0
5	79	0
6	79	0
7	79	0
8	79	0
9	79	0
10	79	0
11	79	0
12	79	0
13	79	0
14	79	0
15	79	0
16	79	2.28613e-39
17	79	1.01052e-30
18	79	3.70942e-23
19	79	1.13081e-16
20	79	2.8628e-11
21	79	6.01883e-07
22	79	0.00105088
23	79	0.152375
24	79	1.83482
25	79	1.83482
26	79	0.152375
27	79	0.00105088
28	79	6.01883e-07
29	79	2.8628e-11
30	79	1.13081e-16
31	79	3.70942e-23
32	79	1.01052e-30
33	79	2.28613e-39
34	79	0
35	79	0
36	79	0
37	79	0
38	79	0
39	79	0
40	79	0
41	79	0
42	79	0
43	79	0
44	79	0
45	79	0
46	79	0
47	79	0
48	79	0
49	79	0

0	80	0
1	80	0
2	80	0
3	80	0
4	80	0
5	80	0
6	80	0
7	80	0
8	80	0
9	80	0
10	80	0
11	80	0
12	80	0
13	80	0
14	80	0
15	80	0
16	80	2.10764e-38
17	80	5.68135e-30
18	80	1.35293e-22
19	80	2.84623e-16
20	80	5.28968e-11
21	80	8.68476e-07
22	80	0.00125966
23	80	0.161405
24	80	1.82705
25	80	1.82705
26	80	0.161405
27	80	0.00125966
28	80	8.68476e-07
29	80	5.28968e-11
30	80	2.84623e-16
31	80	1.35293e-22
32	80	5.68135e-30
33	80	2.10764e-38
34	80	0
35	80	0
36	80	0
37	80	0
38	80	0
39	80	0
40	80	0
41	80	0
42	80	0
43	80	0
44	80	0
45	80	0
46	80	0
47	80	0
48	80	0
49	80	0

0	81	0
1	81	0
2	81	0
3	81	0
4	81	0
5	81	0
6	81	0
7	81	0
8	81	0
9	81	0
10	81	0
11	81	0
12	81	0
13	81	0
14	81	0
15	81	0
16	81	1.78997e-37
17	81	2.99657e-29
18	81	4.70357e-22
19	81	6.92247e-16
20	81	9.55259e-11
21	81	1.23598e-06
22	81	0.00149943
23	81	0.170558
24	81	1.81904
25	81	1.81904
26	81	0.170558
27	81	0.00149943
28	81	1.23598e-06
29	81	9.55259e-11
30	81	6.92247e-16
31	81	4.70357e-22
32	81	2.99657e-29
33	81	1.78997e-37
34	81	0
35	81	0
36	81	0
37	81	0
38	81	0
39	81	0
40	81	0
41	81	0
42	81	0
43	81	0
44	81	0
45	81	0
46	81	0
47	81	0
48	81	0
49	81	0

0	82	0
1	82	0
2	82	0
3	82	0
4	82	0
5	82	0
6	82	0
7	82	0
8	82	0
9	82	0
10	82	0
11	82	0
12	82	0
13	82	0
14	82	0
15	82	0
16	82	1.406e-36
17	82	1.48733e-28
18	82	1.56234e-21
19	82	1.62964e-15
20	82	1.68793e-10
21	82	1.73606e-06
22	82	0.00177306
23	82	0.179816
24	82	1.81084
25	82	1.81084
26	82	0.179816
27	82	0.00177306
28	82	1.73606e-06
29	82	1.68793e-10
30	82	1.62964e-15
31	82	1.56234e-21
32	82	1.48733e-28
33	82	1.406e-36
34	82	0
35	82	0
36	82	0
37	82	0
38	82	0
39	82	0
40	82	0
41	82	0
42	82	0
43	82	0
44	82	0
45	82	0
46	82	0
47	82	0
48	82	0
49	82	0

0	83	0
1	83	0
2	83	0
3	83	0
4	83	0
5	83	0
6	83	0
7	83	0
8	83	0
9	83	0
10	83	0
11	83	0
12	83	0
13	83	0
14	83	0
15	83	1.68156e-44
16	83	1.0253e-35
17	83	6.96751e-28
18	83	4.9691e-21
19	83	3.71918e-15
20	83	2.92138e-10
21	83	2.40825e-06
22	83	0.00208347
23	83	0.189166
24	83	1.80248
25	83	1.80248
26	83	0.189166
27	83	0.00208347
28	83	2.40825e-06
29	83	2.92138e-10
30	83	3.71918e-15
31	83	4.9691e-21
32	83	6.96751e-28
33	83	1.0253e-35
34	83	1.68156e-44
35	83	0
36	83	0
37	83	0
38	83	0
39	83	0
40	83	0
41	83	0
42	83	0
43	83	0
44	83	0
45	83	0
46	83	0
47	83	0
48	83	0
49	83	0

0	84	0
1	84	0
2	84	0
3	84	0
4	84	0
5	84	0
6	84	0
7	84	0
8	84	0
9	84	0
10	84	0
11	84	0
12	84	0
13	84	0
14	84	0
15	84	1.75162e-43
16	84	6.96597e-35
17	84	3.08911e-27
18	84	1.51647e-20
19	84	8.24085e-15
20	84	4.95743e-10
21	84	3.30129e-06
22	84	0.00243362
23	84	0.198594
24	84	1.79401
25	84	1.79401
26	84	0.198594
27	84	0.00243362
28	84	3.30129e-06
29	84	4.95743e-10
30	84	8.24085e-15
31	84	1.51647e-20
32	84	3.08911e-27
33	84	6.96597e-35
34	84	1.75162e-43
35	84	0
36	84	0
37	84	0
38	84	0
39	84	0
40	84	0
41	84	0
42	84	0
43	84	0
44	84	0
45	84	0
46	84	0
47	84	0
48	84	0
49	84	0

0	85	0
1	85	0
2	85	0
3	85	0
4	85	0
5	85	0
6	85	0
7	85	0
8	85	0
9	85	0
10	85	0
11	85	0
12	85	0
13	85	0
14	85	0
15	85	1.75443e-42
16	85	4.42393e-34
17	85	1.29956e-26
18	85	4.44921e-20
19	85	1.77531e-14
20	85	8.25594e-10
21	85	4.47466e-06
22	85	0.00282654
23	85	0.20809
24	85	1.78546
25	85	1.78546
26	85	0.20809
27	85	0.00282654
28	85	4.47466e-06
29	85	8.25594e-10
30	85	1.77531e-14
31	85	4.44921e-20
32	85	1.29956e-26
33	85	4.42393e-34
34	85	1.75443e-42
35	85	0
36	85	0
37	85	0
38	85	0
39	85	0
40	85	0
41	85	0
42	85	0
43	85	0
44	85	0
45	85	0
46	85	0
47	85	0
48	85	0
49	85	0

0	86	0
1	86	0
2	86	0
3	86	0
4	86	0
5	86	0
6	86	0
7	86	0
8	86	0
9	86	0
10	86	0
11	86	0
12	86	0
13	86	0
14	86	0
15	86	1.63475e-41
16	86	2.63462e-33
17	86	5.20045e-26
18	86	1.25733e-19
19	86	3.7234e-14
20	86	1.35056e-09
21	86	6.00034e-06
22	86	0.00326529
23	86	0.217647
24	86	1.77692
25	86	1.77692
26	86	0.217647
27	86	0.00326529
28	86	6.00034e-06
29	86	1.35056e-09
30	86	3.7234e-14
31	86	1.25733e-19
32	86	5.20045e-26
33	86	2.63462e-33
34	86	1.63475e-41
35	86	0
36	86	0
37	86	0
38	86	0
39	86	0
40	86	0
41	86	0
42	86	0
43	86	0
44	86	0
45	86	0
46	86	0
47	86	0
48	86	0
49	86	0

0	87	0
1	87	0
2	87	0
3	87	0
4	87	0
5	87	0
6	87	0
7	87	0
8	87	0
9	87	0
10	87	0
11	87	0
12	87	0
13	87	0
14	87	0
15	87	1.41043e-40
16	87	1.47571e-32
17	87	1.98417e-25
18	87	3.42835e-19
19	87	7.61235e-14
20	87	2.1721e-09
21	87	7.96468e-06
22	87	0.00375306
23	87	0.227263
24	87	1.76849
25	87	1.76849
26	87	0.227263
27	87	0.00375306
28	87	7.96468e-06
29	87	2.1721e-09
30	87	7.61235e-14
31	87	3.42835e-19
32	87	1.98417e-25
33	87	1.47571e-32
34	87	1.41043e-40
35	87	0
36	87	0
37	87	0
38	87	0
39	87	0
40	87	0
41	87	0
42	87	0
43	87	0
44	87	0
45	87	0
46	87	0
47	87	0
48	87	0
49	87	0

0	88	0
1	88	0
2	88	0
3	88	0
4	88	0
5	88	0
6	88	0
7	88	0
8	88	0
9	88	0
10	88	0
11	88	0
12	88	0
13	88	0
14	88	0
15	88	1.13111e-39
16	88	7.79693e-32
17	88	7.23451e-25
18	88	9.03562e-19
19	88	1.51905e-13
20	88	3.43755e-09
21	88	1.04711e-05
22	88	0.00429338
23	88	0.236958
24	88	1.76038
25	88	1.76038
26	88	0.236958
27	88	0.00429338
28	88	1.04711e-05
29	88	3.43755e-09
30	88	1.51905e-13
31	88	9.03562e-19
32	88	7.23451e-25
33	88	7.79693e-32
34	88	1.13111e-39
35	88	0
36	88	0
37	88	0
38	88	0
39	88	0
40	88	0
41	88	0
42	88	0
43	88	0
44	88	0
45	88	0
46	88	0
47	88	0
48	88	0
49	88	0

0	89	0
1	89	0
2	89	0
3	89	0
4	89	0
5	89	0
6	89	0
7	89	0
8	89	0
9	89	0
10	89	0
11	89	0
12	89	0
13	89	0
14	89	0
15	89	8.46218e-39
16	89	3.89717e-31
17	89	2.52662e-24
18	89	2.30599e-18
19	89	2.96279e-13
20	89	5.35884e-09
21	89	1.36448e-05
22	89	0.0048909
23	89	0.246795
24	89	1.75312
25	89	1.75312
26	89	0.246795
27	89	0.0048909
28	89	1.36448e-05
29	89	5.35884e-09
30	89	2.96279e-13
31	89	2.30599e-18
32	89	2.52662e-24
33	89	3.89717e-31
34	89	8.46218e-39
35	89	0
36	89	0
37	89	0
38	89	0
39	89	0
40	89	0
41	89	0
42	89	0
43	89	0
44	89	0
45	89	0
46	89	0
47	89	0
48	89	0
49	89	0

0	90	0
1	90	0
2	90	0
3	90	0
4	90	0
5	90	0
6	90	0
7	90	0
8	90	0
9	90	0
10	90	0
11	90	0
12	90	0
13	90	0
14	90	0
15	90	5.9315e-38
16	90	1.84961e-30
17	90	8.4789e-24
18	90	5.71402e-18
19	90	5.66091e-13
20	90	8.24469e-09
21	90	1.76524e-05
22	90	0.00555618
23	90	0.257094
24	90	1.74883
25	90	1.74883
26	90	0.257094
27	90	0.00555618
28	90	1.76524e-05
29	90	8.24469e-09
30	90	5.66091e-13
31	90	5.71402e-18
32	90	8.4789e-24
33	90	1.84961e-30
34	90	5.9315e-38
35	90	0
36	90	0
37	90	0
38	90	0
39	90	0
40	90	0
41	90	0
42	90	0
43	90	0
44	90	0
45	90	0
46	90	0
47	90	0
48	90	0
49	90	0

0	91	0
1	91	0
2	91	0
3	91	0
4	91	0
5	91	0
6	91	0
7	91	0
8	91	0
9	91	0
10	91	0
11	91	0
12	91	0
13	91	0
14	91	2.8026e-45
15	91	4.03493e-37
16	91	8.62886e-30
17	91	2.82891e-23
18	91	1.42175e-17
19	91	1.09539e-12
20	91	1.29378e-08
21	91	2.34256e-05
22	91	0.00650226
23	91	0.276681
24	91	1.80484
25	91	1.80484
26	91	0.276681
27	91	0.00650226
28	91	2.34256e-05
29	91	1.29378e-08
30	91	1.09539e-12
31	91	1.42175e-17
32	91	2.82891e-23
33	91	8.62886e-30
34	91	4.03493e-37
35	91	2.8026e-45
36	91	0
37	91	0
38	91	0
39	91	0
40	91	0
41	91	0
42	91	0
43	91	0
44	91	0
45	91	0
46	91	0
47	91	0
48	91	0
49	91	0

0	92	0
1	92	0
2	92	0
3	92	0
4	92	0
5	92	0
6	92	0
7	92	0
8	92	0
9	92	0
10	92	0
11	92	0
12	92	0
13	92	0
14	92	1.96182e-44
15	92	1.91567e-36
16	92	2.84417e-29
17	92	6.7413e-23
18	92	2.55084e-17
19	92	1.5409e-12
20	92	1.486e-08
21	92	2.28777e-05
22	92	0.00562286
23	92	0.220625
24	92	1.38198
25	92	1.38198
26	92	0.220625
27	92	0.00562286
28	92	2.28777e-05
29	92	1.486e-08
30	92	1.5409e-12
31	92	2.55084e-17
32	92	6.7413e-23
33	92	2.84417e-29
34	92	1.91567e-36
35	92	1.96182e-44
36	92	0
37	92	0
38	92	0
39	92	0
40	92	0
41	92	0
42	92	0
43	92	0
44	92	0
45	92	0
46	92	0
47	92	0
48	92	0
49	92	0

0	93	0
1	93	0
2	93	0
3	93	0
4	93	0
5	93	0
6	93	0
7	93	0
8	93	0
9	93	0
10	93	0
11	93	0
12	93	0
13	93	0
14	93	1.38729e-43
15	93	8.67333e-36
16	93	9.04522e-29
17	93	1.56622e-22
18	93	4.50278e-17
19	93	2.14934e-12
20	93	1.70343e-08
21	93	2.24151e-05
22	93	0.00489726
23	93	0.177648
24	93	1.06995
25	93	1.06995
26	93	0.177648
27	93	0.00489726
28	93	2.24151e-05
29	93	1.70343e-08
30	93	2.14934e-12
31	93	4.50278e-17
32	93	1.56622e-22
33	93	9.04522e-29
34	93	8.67333e-36
35	93	1.38729e-43
36	93	0
37	93	0
38	93	0
39	93	0
40	93	0
41	93	0
42	93	0
43	93	0
44	93	0
45	93	0
46	93	0
47	93	0
48	93	0
49	93	0

0	94	0
1	94	0
2	94	0
3	94	0
4	94	0
5	94	0
6	94	0
7	94	0
8	94	0
9	94	0
10	94	0
11	94	0
12	94	0
13	94	0
14	94	8.64601e-43
15	94	3.71257e-35
16	94	2.75031e-28
17	94	3.51389e-22
18	94	7.74272e-17
19	94	2.94238e-12
20	94	1.92842e-08
21	94	2.17974e-05
22	94	0.0042492
23	94	0.142859
24	94	0.828341
25	94	0.828341
26	94	0.142859
27	94	0.0042492
28	94	2.17974e-05
29	94	1.92842e-08
30	94	2.94238e-12
31	94	7.74272e-17
32	94	3.51389e-22
33	94	2.75031e-28
34	94	3.71257e-35
35	94	8.64601e-43
36	94	0
37	94	0
38	94	0
39	94	0
40	94	0
41	94	0
42	94	0
43	94	0
44	94	0
45	94	0
46	94	0
47	94	0
48	94	0
49	94	0

0	95	0
1	95	0
2	95	0
3	95	0
4	95	0
5	95	0
6	95	0
7	95	0
8	95	0
9	95	0
10	95	0
11	95	0
12	95	0
13	95	0
14	95	5.0671e-42
15	95	1.50602e-34
16	95	8.0107e-28
17	95	7.62426e-22
18	95	1.2984e-16
19	95	3.95642e-12
20	95	2.15715e-08
21	95	2.10447e-05
22	95	0.00367359
23	95	0.114742
24	95	0.641266
25	95	0.641266
26	95	0.114742
27	95	0.00367359
28	95	2.10447e-05
29	95	2.15715e-08
30	95	3.95642e-12
31	95	1.2984e-16
32	95	7.62426e-22
33	95	8.0107e-28
34	95	1.50602e-34
35	95	5.0671e-42
36	95	0
37	95	0
38	95	0
39	95	0
40	95	0
41	95	0
42	95	0
43	95	0
44	95	0
45	95	0
46	95	0
47	95	0
48	95	0
49	95	0

0	96	0
1	96	0
2	96	0
3	96	0
4	96	0
5	96	0
6	96	0
7	96	0
8	96	0
9	96	0
10	96	0
11	96	0
12	96	0
13	96	0
14	96	2.78816e-41
15	96	5.80223e-34
16	96	2.23897e-27
17	96	1.60203e-21
18	96	2.12552e-16
19	96	5.22919e-12
20	96	2.38547e-08
21	96	2.01783e-05
22	96	0.00316497
23	96	0.0920502
24	96	0.496424
25	96	0.496424
26	96	0.0920502
27	96	0.00316497
28	96	2.01783e-05
29	96	2.38547e-08
30	96	5.22919e-12
31	96	2.12552e-16
32	96	1.60203e-21
33	96	2.23897e-27
34	96	5.80223e-34
35	96	2.78816e-41
36	96	0
37	96	0
38	96	0
39	96	0
40	96	0
41	96	0
42	96	0
43	96	0
44	96	0
45	96	0
46	96	0
47	96	0
48	96	0
49	96	0

0	97	0
1	97	0
2	97	0
3	97	0
4	97	0
5	97	0
6	97	0
7	97	0
8	97	0
9	97	0
10	97	0
11	97	0
12	97	0
13	97	0
14	97	1.44461e-40
15	97	2.12773e-33
16	97	6.01541e-27
17	97	3.26435e-21
18	97	3.40025e-16
19	97	6.79844e-12
20	97	2.6091e-08
21	97	1.92202e-05
22	97	0.00271773
23	97	0.073763
24	97	0.384287
25	97	0.384287
26	97	0.073763
27	97	0.00271773
28	97	1.92202e-05
29	97	2.6091e-08
30	97	6.79844e-12
31	97	3.40025e-16
32	97	3.26435e-21
33	97	6.01541e-27
34	97	2.12773e-33
35	97	1.44461e-40
36	97	0
37	97	0
38	97	0
39	97	0
40	97	0
41	97	0
42	97	0
43	97	0
44	97	0
45	97	0
46	97	0
47	97	0
48	97	0
49	97	0

0	98	0
1	98	0
2	98	0
3	98	0
4	98	0
5	98	0
6	98	0
7	98	0
8	98	0
9	98	0
10	98	0
11	98	0
12	98	0
13	98	0
14	98	7.06362e-40
15	98	7.44129e-33
16	98	1.55599e-26
17	98	6.45812e-21
18	98	5.32035e-16
19	98	8.6999e-12
20	98	2.82374e-08
21	98	1.81917e-05
22	98	0.00232627
23	98	0.0590452
24	98	0.297472
25	98	0.297472
26	98	0.0590452
27	98	0.00232627
28	98	1.81917e-05
29	98	2.82374e-08
30	98	8.6999e-12
31	98	5.32035e-16
32	98	6.45812e-21
33	98	1.55599e-26
34	98	7.44129e-33
35	98	7.06362e-40
36	98	0
37	98	0
38	98	0
39	98	0
40	98	0
41	98	0
42	98	0
43	98	0
44	98	0
45	98	0
46	98	0
47	98	0
48	98	0
49	98	0

0	99	0
1	99	0
2	99	0
3	99	0
4	99	0
5	99	0
6	99	0
7	99	0
8	99	0
9	99	0
10	99	0
11	99	0
12	99	0
13	99	0
14	99	3.26712e-39
15	99	2.48674e-32
16	99	3.88107e-26
17	99	1.24201e-20
18	99	8.14984e-16
19	99	1.09655e-11
20	99	3.02525e-08
21	99	1.71139e-05
22	99	0.00198513
23	99	0.0472152
24	99	0.230265
25	99	0.230265
26	99	0.0472152
27	99	0.00198513
28	99	1.71139e-05
29	99	3.02525e-08
30	99	1.09655e-11
31	99	8.14984e-16
32	99	1.24201e-20
33	99	3.88107e-26
34	99	2.48674e-32
35	99	3.26712e-39
36	99	0
37	99	0
38	99	0
39	99	0
40	99	0
41	99	0
42	99	0
43	99	0
44	99	0
45	99	0
46	99	0
47	99	0
48	99	0
49	99	0

0	100	0
1	100	0
2	100	0
3	100	0
4	100	0
5	100	0
6	100	0
7	100	0
8	100	0
9	100	0
10	100	0
11	100	0
12	100	0
13	100	0
14	100	1.43255e-38
15	100	7.95492e-32
16	100	9.34776e-26
17	100	2.3245e-20
18	100	1.2232e-15
19	100	1.36211e-11
20	100	3.20978e-08
21	100	1.60061e-05
22	100	0.00168906
23	100	0.037718
24	100	0.178239
25	100	0.178239
26	100	0.037718
27	100	0.00168906
28	100	1.60061e-05
29	100	3.20978e-08
30	100	1.36211e-11
31	100	1.2232e-15
32	100	2.3245e-20
33	100	9.34776e-26
34	100	7.95492e-32
35	100	1.43255e-38
36	100	0
37	100	0
38	100	0
39	100	0
40	100	0
41	100	0
42	100	0
43	100	0
44	100	0
45	100	0
46	100	0
47	100	0
48	100	0
49	100	0

0	101	0
1	101	0
2	101	0
3	101	0
4	101	0
5	101	0
6	101	0
7	101	0
8	101	0
9	101	0
10	101	0
11	101	0
12	101	0
13	101	2.8026e-45
14	101	5.96749e-38
15	101	2.44019e-31
16	101	2.17717e-25
17	101	4.23837e-20
18	101	1.80028e-15
19	101	1.66848e-11
20	101	3.37393e-08
21	101	1.48864e-05
22	101	0.00143311
23	101	0.0301026
24	101	0.137965
25	101	0.137965
26	101	0.0301026
27	101	0.00143311
28	101	1.48864e-05
29	101	3.37393e-08
30	101	1.66848e-11
31	101	1.80028e-15
32	101	4.23837e-20
33	101	2.17717e-25
34	101	2.44019e-31
35	101	5.96749e-38
36	101	2.8026e-45
37	101	0
38	101	0
39	101	0
40	101	0
41	101	0
42	101	0
43	101	0
44	101	0
45	101	0
46	101	0
47	101	0
48	101	0
49	101	0

0	102	0
1	102	0
2	102	0
3	102	0
4	102	0
5	102	0
6	102	0
7	102	0
8	102	0
9	102	0
10	102	0
11	102	0
12	102	0
13	102	1.82169e-44
14	102	2.36633e-37
15	102	7.18958e-31
16	102	4.90986e-25
17	102	7.53653e-20
18	102	2.60022e-15
19	102	2.01644e-11
20	102	3.5148e-08
21	102	1.37706e-05
22	102	0.00121266
23	102	0.024003
24	102	0.106789
25	102	0.106789
26	102	0.024003
27	102	0.00121266
28	102	1.37706e-05
29	102	3.5148e-08
30	102	2.01644e-11
31	102	2.60022e-15
32	102	7.53653e-20
33	102	4.90986e-25
34	102	7.18958e-31
35	102	2.36633e-37
36	102	1.82169e-44
37	102	0
38	102	0
39	102	0
40	102	0
41	102	0
42	102	0
43	102	0
44	102	0
45	102	0
46	102	0
47	102	0
48	102	0
49	102	0

0	103	0
1	103	0
2	103	0
3	103	0
4	103	0
5	103	0
6	103	0
7	103	0
8	103	0
9	103	0
10	103	0
11	103	0
12	103	0
13	103	9.10844e-44
14	103	8.94941e-37
15	103	2.03777e-30
16	103	1.07345e-24
17	103	1.30819e-19
18	103	3.68827e-15
19	103	2.40569e-11
20	103	3.63012e-08
21	103	1.26726e-05
22	103	0.00102347
23	103	0.0191226
24	103	0.0826576
25	103	0.0826576
26	103	0.0191226
27	103	0.00102347
28	103	1.26726e-05
29	103	3.63012e-08
30	103	2.40569e-11
31	103	3.68827e-15
32	103	1.30819e-19
33	103	1.07345e-24
34	103	2.03777e-30
35	103	8.94941e-37
36	103	9.10844e-44
37	103	0
38	103	0
39	103	0
40	103	0
41	103	0
42	103	0
43	103	0
44	103	0
45	103	0
46	103	0
47	103	0
48	103	0
49	103	0

0	104	0
1	104	0
2	104	0
3	104	0
4	104	0
5	104	0
6	104	0
7	104	0
8	104	0
9	104	0
10	104	0
11	104	0
12	104	0
13	104	4.47014e-43
14	104	3.23383e-36
15	104	5.56431e-30
16	104	2.27791e-24
17	104	2.21867e-19
18	104	5.14135e-15
19	104	2.83461e-11
20	104	3.71827e-08
21	104	1.16043e-05
22	104	0.00086164
23	104	0.0152218
24	104	0.0639785
25	104	0.0639785
26	104	0.0152218
27	104	0.00086164
28	104	1.16043e-05
29	104	3.71827e-08
30	104	2.83461e-11
31	104	5.14135e-15
32	104	2.21867e-19
33	104	2.27791e-24
34	104	5.56431e-30
35	104	3.23383e-36
36	104	4.47014e-43
37	104	0
38	104	0
39	104	0
40	104	0
41	104	0
42	104	0
43	104	0
44	104	0
45	104	0
46	104	0
47	104	0
48	104	0
49	104	0

0	105	0
1	105	0
2	105	0
3	105	0
4	105	0
5	105	0
6	105	0
7	105	0
8	105	0
9	105	0
10	105	0
11	105	0
12	105	0
13	105	2.08653e-42
14	105	1.11846e-35
15	105	1.4659e-29
16	105	4.69722e-24
17	105	3.67983e-19
18	105	7.048e-15
19	105	3.30032e-11
20	105	3.77832e-08
21	105	1.05753e-05
22	105	0.000723664
23	105	0.0121069
24	105	0.0495202
25	105	0.0495202
26	105	0.0121069
27	105	0.000723664
28	105	1.05753e-05
29	105	3.77832e-08
30	105	3.30032e-11
31	105	7.048e-15
32	105	3.67983e-19
33	105	4.69722e-24
34	105	1.4659e-29
35	105	1.11846e-35
36	105	2.08653e-42
37	105	0
38	105	0
39	105	0
40	105	0
41	105	0
42	105	0
43	105	0
44	105	0
45	105	0
46	105	0
47	105	0
48	105	0
49	105	0

0	106	0
1	106	0
2	106	0
3	106	0
4	106	0
5	106	0
6	106	0
7	106	0
8	106	0
9	106	0
10	106	0
11	106	0
12	106	0
13	106	9.25418e-42
14	106	3.70856e-35
15	106	3.73087e-29
16	106	9.42224e-24
17	106	5.97362e-19
18	106	9.50736e-15
19	106	3.79859e-11
20	106	3.80999e-08
21	106	9.59325e-06
22	106	0.000606383
23	106	0.00962205
24	106	0.038329
25	106	0.038329
26	106	0.00962205
27	106	0.000606383
28	106	9.59325e-06
29	106	3.80999e-08
30	106	3.79859e-11
31	106	9.50736e-15
32	106	5.97362e-19
33	106	9.42224e-24
34	106	3.73087e-29
35	106	3.70856e-35
36	106	9.25418e-42
37	106	0
38	106	0
39	106	0
40	106	0
41	106	0
42	106	0
43	106	0
44	106	0
45	106	0
46	106	0
47	106	0
48	106	0
49	106	0

0	107	0
1	107	0
2	107	0
3	107	0
4	107	0
5	107	0
6	107	0
7	107	0
8	107	0
9	107	0
10	107	0
11	107	0
12	107	0
13	107	3.90962e-41
14	107	1.18075e-34
15	107	9.1852e-29
16	107	1.84046e-23
17	107	9.49883e-19
18	107	1.26276e-14
19	107	4.32392e-11
20	107	3.81367e-08
21	107	8.66392e-06
22	107	0.000506983
23	107	0.00764151
24	107	0.0296669
25	107	0.0296669
26	107	0.00764151
27	107	0.000506983
28	107	8.66392e-06
29	107	3.81367e-08
30	107	4.32392e-11
31	107	1.26276e-14
32	107	9.49883e-19
33	107	1.84046e-23
34	107	9.1852e-29
35	107	1.18075e-34
36	107	3.90962e-41
37	107	0
38	107	0
39	107	0
40	107	0
41	107	0
42	107	0
43	107	0
44	107	0
45	107	0
46	107	0
47	107	0
48	107	0
49	107	0

0	108	0
1	108	0
2	108	0
3	108	0
4	108	0
5	108	0
6	108	0
7	108	0
8	108	0
9	108	0
10	108	0
11	108	0
12	108	0
13	108	1.57598e-40
14	108	3.61519e-34
15	108	2.19015e-28
16	108	3.50414e-23
17	108	1.48066e-18
18	108	1.65232e-14
19	108	4.8697e-11
20	108	3.79029e-08
21	108	7.79131e-06
22	108	0.000422973
23	108	0.00606432
24	108	0.0229623
25	108	0.0229623
26	108	0.00606432
27	108	0.000422973
28	108	7.79131e-06
29	108	3.79029e-08
30	108	4.8697e-11
31	108	1.65232e-14
32	108	1.48066e-18
33	108	3.50414e-23
34	108	2.19015e-28
35	108	3.61519e-34
36	108	1.57598e-40
37	108	0
38	108	0
39	108	0
40	108	0
41	108	0
42	108	0
43	108	0
44	108	0
45	108	0
46	108	0
47	108	0
48	108	0
49	108	0

0	109	0
1	109	0
2	109	0
3	109	0
4	109	0
5	109	0
6	109	0
7	109	0
8	109	0
9	109	0
10	109	0
11	109	0
12	109	0
13	109	6.07191e-40
14	109	1.06594e-33
15	109	5.06365e-28
16	109	6.50914e-23
17	109	2.26417e-18
18	109	2.13119e-14
19	109	5.42827e-11
20	109	3.74134e-08
21	109	6.97783e-06
22	109	0.00035216
23	109	0.00480935
24	109	0.017773
25	109	0.017773
26	109	0.00480935
27	109	0.00035216
28	109	6.97783e-06
29	109	3.74134e-08
30	109	5.42827e-11
31	109	2.13119e-14
32	109	2.26417e-18
33	109	6.50914e-23
34	109	5.06365e-28
35	109	1.06594e-33
36	109	6.07191e-40
37	109	0
38	109	0
39	109	0
40	109	0
41	109	0
42	109	0
43	109	0
44	109	0
45	109	0
46	109	0
47	109	0
48	109	0
49	109	0

0	110	0
1	110	0
2	110	0
3	110	0
4	110	0
5	110	0
6	110	0
7	110	0
8	110	0
9	110	0
10	110	0
11	110	0
12	110	0
13	110	2.23968e-39
14	110	3.03089e-33
15	110	1.13647e-27
16	110	1.18072e-22
17	110	3.3989e-18
18	110	2.711e-14
19	110	5.99132e-11
20	110	3.66873e-08
21	110	6.2246e-06
22	110	0.000292623
23	110	0.00381159
24	110	0.0137564
25	110	0.0137564
26	110	0.00381159
27	110	0.000292623
28	110	6.2246e-06
29	110	3.66873e-08
30	110	5.99132e-11
31	110	2.711e-14
32	110	3.3989e-18
33	110	1.18072e-22
34	110	1.13647e-27
35	110	3.03089e-33
36	110	2.23968e-39
37	110	0
38	110	0
39	110	0
40	110	0
41	110	0
42	110	0
43	110	0
44	110	0
45	110	0
46	110	0
47	110	0
48	110	0
49	110	0

0	111	0
1	111	0
2	111	0
3	111	0
4	111	0
5	111	0
6	111	0
7	111	0
8	111	0
9	111	0
10	111	0
11	111	0
12	111	1.4013e-45
13	111	7.92133e-39
14	111	8.32161e-33
15	111	2.47864e-27
16	111	2.09325e-22
17	111	5.0122e-18
18	111	3.40278e-14
19	111	6.54996e-11
20	111	3.57472e-08
21	111	5.53153e-06
22	111	0.000242688
23	111	0.0030189
24	111	0.0106476
25	111	0.0106476
26	111	0.0030189
27	111	0.000242688
28	111	5.53153e-06
29	111	3.57472e-08
30	111	6.54996e-11
31	111	3.40278e-14
32	111	5.0122e-18
33	111	2.09325e-22
34	111	2.47864e-27
35	111	8.32161e-33
36	111	7.92133e-39
37	111	1.4013e-45
38	111	0
39	111	0
40	111	0
41	111	0
42	111	0
43	111	0
44	111	0
45	111	0
46	111	0
47	111	0
48	111	0
49	111	0

0	112	0
1	112	0
2	112	0
3	112	0
4	112	0
5	112	0
6	112	0
7	112	0
8	112	0
9	112	0
10	112	0
11	112	0
12	112	9.80909e-45
13	112	2.69041e-38
14	112	2.20893e-32
15	112	5.25867e-27
16	112	3.62995e-22
17	112	7.26533e-18
18	112	4.21639e-14
19	112	7.09507e-11
20	112	3.46182e-08
21	112	4.89758e-06
22	112	0.000200905
23	112	0.00238962
24	112	0.00824134
25	112	0.00824134
26	112	0.00238962
27	112	0.000200905
28	112	4.89758e-06
29	112	3.46182e-08
30	112	7.09507e-11
31	112	4.21639e-14
32	112	7.26533e-18
33	112	3.62995e-22
34	112	5.25867e-27
35	112	2.20893e-32
36	112	2.69041e-38
37	112	9.80909e-45
38	112	0
39	112	0
40	112	0
41	112	0
42	112	0
43	112	0
44	112	0
45	112	0
46	112	0
47	112	0
48	112	0
49	112	0

0	113	0
1	113	0
2	113	0
3	113	0
4	113	0
5	113	0
6	113	0
7	113	0
8	113	0
9	113	0
10	113	0
11	113	0
12	113	4.06377e-44
13	113	8.7874e-38
14	113	5.67554e-32
15	113	1.08633e-26
16	113	6.16194e-22
17	113	1.03581e-17
18	113	5.15997e-14
19	113	7.61761e-11
20	113	3.33269e-08
21	113	4.32092e-06
22	113	0.000166021
23	113	0.0018904
24	113	0.00637894
25	113	0.00637894
26	113	0.0018904
27	113	0.000166021
28	113	4.32092e-06
29	113	3.33269e-08
30	113	7.61761e-11
31	113	5.15997e-14
32	113	1.03581e-17
33	113	6.16194e-22
34	113	1.08633e-26
35	113	5.67554e-32
36	113	8.7874e-38
37	113	4.06377e-44
38	113	0
39	113	0
40	113	0
41	113	0
42	113	0
43	113	0
44	113	0
45	113	0
46	113	0
47	113	0
48	113	0
49	113	0

0	114	0
1	114	0
2	114	0
3	114	0
4	114	0
5	114	0
6	114	0
7	114	0
8	114	0
9	114	0
10	114	0
11	114	0
12	114	1.63952e-43
13	114	2.76393e-37
14	114	1.41315e-31
15	114	2.18717e-26
16	114	1.02472e-21
17	114	1.45332e-17
18	114	6.23944e-14
19	114	8.1089e-11
20	114	3.19013e-08
21	114	3.79914e-06
22	114	0.00013696
23	114	0.00149462
24	114	0.00493744
25	114	0.00493744
26	114	0.00149462
27	114	0.00013696
28	114	3.79914e-06
29	114	3.19013e-08
30	114	8.1089e-11
31	114	6.23944e-14
32	114	1.45332e-17
33	114	1.02472e-21
34	114	2.18717e-26
35	114	1.41315e-31
36	114	2.76393e-37
37	114	1.63952e-43
38	114	0
39	114	0
40	114	0
41	114	0
42	114	0
43	114	0
44	114	0
45	114	0
46	114	0
47	114	0
48	114	0
49	114	0

0	115	0
1	115	0
2	115	0
3	115	0
4	115	0
5	115	0
6	115	0
7	115	0
8	115	0
9	115	0
10	115	0
11	115	0
12	115	6.3619e-43
13	115	8.38263e-37
14	115	3.41344e-31
15	115	4.29559e-26
16	115	1.67059e-21
17	115	2.00786e-17
18	115	7.45787e-14
19	115	8.56077e-11
20	115	3.03688e-08
21	115	3.32935e-06
22	115	0.0001128
23	115	0.00118107
24	115	0.00382171
25	115	0.00382171
26	115	0.00118107
27	115	0.0001128
28	115	3.32935e-06
29	115	3.03688e-08
30	115	8.56077e-11
31	115	7.45787e-14
32	115	2.00786e-17
33	115	1.67059e-21
34	115	4.29559e-26
35	115	3.41344e-31
36	115	8.38263e-37
37	115	6.3619e-43
38	115	0
39	115	0
40	115	0
41	115	0
42	115	0
43	115	0
44	115	0
45	115	0
46	115	0
47	115	0
48	115	0
49	115	0

0	116	0
1	116	0
2	116	0
3	116	0
4	116	0
5	116	0
6	116	0
7	116	0
8	116	0
9	116	0
10	116	0
11	116	0
12	116	2.3724e-42
13	116	2.45451e-36
14	116	8.0071e-31
15	116	8.23674e-26
16	116	2.67182e-21
17	116	2.73296e-17
18	116	8.81514e-14
19	116	8.96597e-11
20	116	2.87566e-08
21	116	2.90837e-06
22	116	9.27544e-05
23	116	0.000932804
24	116	0.00295814
25	116	0.00295814
26	116	0.000932804
27	116	9.27544e-05
28	116	2.90837e-06
29	116	2.87566e-08
30	116	8.96597e-11
31	116	8.81514e-14
32	116	2.73296e-17
33	116	2.67182e-21
34	116	8.23674e-26
35	116	8.0071e-31
36	116	2.45451e-36
37	116	2.3724e-42
38	116	0
39	116	0
40	116	0
41	116	0
42	116	0
43	116	0
44	116	0
45	116	0
46	116	0
47	116	0
48	116	0
49	116	0

0	117	0
1	117	0
2	117	0
3	117	0
4	117	0
5	117	0
6	117	0
7	117	0
8	117	0
9	117	0
10	117	0
11	117	0
12	117	8.50028e-42
13	117	6.94704e-36
14	117	1.82585e-30
15	117	1.54323e-25
16	117	4.19471e-21
17	117	3.6667e-17
18	117	1.03075e-13
19	117	9.31822e-11
20	117	2.70905e-08
21	117	2.53281e-06
22	117	7.61541e-05
23	117	0.000736355
24	117	0.00228973
25	117	0.00228973
26	117	0.000736355
27	117	7.61541e-05
28	117	2.53281e-06
29	117	2.70905e-08
30	117	9.31822e-11
31	117	1.03075e-13
32	117	3.6667e-17
33	117	4.19471e-21
34	117	1.54323e-25
35	117	1.82585e-30
36	117	6.94704e-36
37	117	8.50028e-42
38	117	0
39	117	0
40	117	0
41	117	0
42	117	0
43	117	0
44	117	0
45	117	0
46	117	0
47	117	0
48	117	0
49	117	0

0	118	0
1	118	0
2	118	0
3	118	0
4	118	0
5	118	0
6	118	0
7	118	0
8	118	0
9	118	0
10	118	0
11	118	0
12	118	2.92955e-41
13	118	1.90277e-35
14	118	4.05116e-30
15	118	2.82744e-25
16	118	6.46883e-21
17	118	4.8515e-17
18	118	1.19274e-13
19	118	9.61244e-11
20	118	2.53945e-08
21	118	2.1992e-06
22	118	6.24323e-05
23	118	0.000580994
24	118	0.00177237
25	118	0.00177237
26	118	0.000580994
27	118	6.24323e-05
28	118	2.1992e-06
29	118	2.53945e-08
30	118	9.61244e-11
31	118	1.19274e-13
32	118	4.8515e-17
33	118	6.46883e-21
34	118	2.82744e-25
35	118	4.05116e-30
36	118	1.90277e-35
37	118	2.92955e-41
38	118	0
39	118	0
40	118	0
41	118	0
42	118	0
43	118	0
44	118	0
45	118	0
46	118	0
47	118	0
48	118	0
49	118	0

0	119	0
1	119	0
2	119	0
3	119	0
4	119	0
5	119	0
6	119	0
7	119	0
8	119	0
9	119	0
10	119	0
11	119	0
12	119	9.72529e-41
13	119	5.04893e-35
14	119	8.7543e-30
15	119	5.06953e-25
16	119	9.80481e-21
17	119	6.33341e-17
18	119	1.36634e-13
19	119	9.84483e-11
20	119	2.36909e-08
21	119	1.90406e-06
22	119	5.11098e-05
23	119	0.000458198
24	119	0.00137192
25	119	0.00137192
26	119	0.000458198
27	119	5.11098e-05
28	119	1.90406e-06
29	119	2.36909e-08
30	119	9.84483e-11
31	119	1.36634e-13
32	119	6.33341e-17
33	119	9.80481e-21
34	119	5.06953e-25
35	119	8.7543e-30
36	119	5.04893e-35
37	119	9.72529e-41
38	119	0
39	119	0
40	119	0
41	119	0
42	119	0
43	119	0
44	119	0
45	119	0
46	119	0
47	119	0
48	119	0
49	119	0

0	120	0
1	120	0
2	120	0
3	120	0
4	120	0
5	120	0
6	120	0
7	120	0
8	120	0
9	120	0
10	120	0
11	120	0
12	120	3.1136e-40
13	120	1.29928e-34
14	120	1.84404e-29
15	120	8.9016e-25
16	120	1.46149e-20
17	120	8.1612e-17
18	120	1.55004e-13
19	120	1.00129e-10
20	120	2.19994e-08
21	120	1.64395e-06
22	120	4.17829e-05
23	120	0.000361192
24	120	0.00106196
25	120	0.00106196
26	120	0.000361192
27	120	4.17829e-05
28	120	1.64395e-06
29	120	2.19994e-08
30	120	1.00129e-10
31	120	1.55004e-13
32	120	8.1612e-17
33	120	1.46149e-20
34	120	8.9016e-25
35	120	1.84404e-29
36	120	1.29928e-34
37	120	3.1136e-40
38	120	0
39	120	0
40	120	0
41	120	0
42	120	0
43	120	0
44	120	0
45	120	0
46	120	0
47	120	0
48	120	0
49	120	0

0	121	0
1	121	0
2	121	0
3	121	0
4	121	0
5	121	0
6	121	0
7	121	0
8	121	0
9	121	0
10	121	0
11	121	1.4013e-45
12	121	9.62504e-40
13	121	3.24582e-34
14	121	3.78953e-29
15	121	1.53175e-24
16	121	2.14353e-20
17	121	1.03851e-16
18	121	1.74193e-13
19	121	1.01156e-10
20	121	2.03373e-08
21	121	1.41558e-06
22	121	3.41125e-05
23	121	0.000284599
24	121	0.000822042
25	121	0.000822042
26	121	0.000284599
27	121	3.41125e-05
28	121	1.41558e-06
29	121	2.03373e-08
30	121	1.01156e-10
31	121	1.74193e-13
32	121	1.03851e-16
33	121	2.14353e-20
34	121	1.53175e-24
35	121	3.78953e-29
36	121	3.24582e-34
37	121	9.62504e-40
38	121	1.4013e-45
39	121	0
40	121	0
41	121	0
42	121	0
43	121	0
44	121	0
45	121	0
46	121	0
47	121	0
48	121	0
49	121	0

0	122	0
1	122	0
2	122	0
3	122	0
4	122	0
5	122	0
6	122	0
7	122	0
8	122	0
9	122	0
10	122	0
11	122	2.8026e-45
12	122	2.87621e-39
13	122	7.87936e-34
14	122	7.60368e-29
15	122	2.58474e-24
16	122	3.09507e-20
17	122	1.30552e-16
18	122	1.93982e-13
19	122	1.0153e-10
20	122	1.87194e-08
21	122	1.21577e-06
22	122	2.78143e-05
23	122	0.000224154
24	122	0.000636336
25	122	0.000636336
26	122	0.000224154
27	122	2.78143e-05
28	122	1.21577e-06
29	122	1.87194e-08
30	122	1.0153e-10
31	122	1.93982e-13
32	122	1.30552e-16
33	122	3.09507e-20
34	122	2.58474e-24
35	122	7.60368e-29
36	122	7.87936e-34
37	122	2.87621e-39
38	122	2.8026e-45
39	122	0
40	122	0
41	122	0
42	122	0
43	122	0
44	122	0
45	122	0
46	122	0
47	122	0
48	122	0
49	122	0

0	123	0
1	123	0
2	123	0
3	123	0
4	123	0
5	123	0
6	123	0
7	123	0
8	123	0
9	123	0
10	123	0
11	123	1.4013e-44
12	123	8.31752e-39
13	123	1.8604e-33
14	123	1.4908e-28
15	123	4.27989e-24
16	123	4.40192e-20
17	123	1.622e-16
18	123	2.14121e-13
19	123	1.01267e-10
20	123	1.71583e-08
21	123	1.04154e-06
22	123	2.26507e-05
23	123	0.000176475
24	123	0.000492589
25	123	0.000492589
26	123	0.000176475
27	123	2.26507e-05
28	123	1.04154e-06
29	123	1.71583e-08
30	123	1.01267e-10
31	123	2.14121e-13
32	123	1.622e-16
33	123	4.40192e-20
34	123	4.27989e-24
35	123	1.4908e-28
36	123	1.8604e-33
37	123	8.31752e-39
38	123	1.4013e-44
39	123	0
40	123	0
41	123	0
42	123	0
43	123	0
44	123	0
45	123	0
46	123	0
47	123	0
48	123	0
49	123	0

0	124	0
1	124	0
2	124	0
3	124	0
4	124	0
5	124	0
6	124	0
7	124	0
8	124	0
9	124	0
10	124	0
11	124	4.62428e-44
12	124	2.33017e-38
13	124	4.27627e-33
14	124	2.85826e-28
15	124	6.95826e-24
16	124	6.1696e-20
17	124	1.9924e-16
18	124	2.34344e-13
19	124	1.00391e-10
20	124	1.56636e-08
21	124	8.90125e-07
22	124	1.84234e-05
23	124	0.000138883
24	124	0.00038132
25	124	0.00038132
26	124	0.000138883
27	124	1.84234e-05
28	124	8.90125e-07
29	124	1.56636e-08
30	124	1.00391e-10
31	124	2.34344e-13
32	124	1.9924e-16
33	124	6.1696e-20
34	124	6.95826e-24
35	124	2.85826e-28
36	124	4.27627e-33
37	124	2.33017e-38
38	124	4.62428e-44
39	124	0
40	124	0
41	124	0
42	124	0
43	124	0
44	124	0
45	124	0
46	124	0
47	124	0
48	124	0
49	124	0

0	125	0
1	125	0
2	125	0
3	125	0
4	125	0
5	125	0
6	125	0
7	125	0
8	125	0
9	125	0
10	125	0
11	125	1.55544e-43
12	125	6.33031e-38
13	125	9.57679e-33
14	125	5.3625e-28
15	125	1.11139e-23
16	125	8.52534e-20
17	125	2.42053e-16
18	125	2.54365e-13
19	125	9.89364e-11
20	125	1.42431e-08
21	125	7.58933e-07
22	125	1.49676e-05
23	125	0.000109258
24	125	0.00029519
25	125	0.00029519
26	125	0.000109258
27	125	1.49676e-05
28	125	7.58933e-07
29	125	1.42431e-08
30	125	9.89364e-11
31	125	2.54365e-13
32	125	2.42053e-16
33	125	8.52534e-20
34	125	1.11139e-23
35	125	5.3625e-28
36	125	9.57679e-33
37	125	6.33031e-38
38	125	1.55544e-43
39	125	0
40	125	0
41	125	0
42	125	0
43	125	0
44	125	0
45	125	0
46	125	0
47	125	0
48	125	0
49	125	0

0	126	0
1	126	0
2	126	0
3	126	0
4	126	0
5	126	0
6	126	0
7	126	0
8	126	0
9	126	0
10	126	0
11	126	5.00264e-43
12	126	1.66936e-37
13	126	2.09148e-32
14	126	9.85218e-28
15	126	1.74496e-23
16	126	1.16201e-19
17	126	2.90947e-16
18	126	2.73899e-13
19	126	9.69486e-11
20	126	1.29023e-08
21	126	6.45608e-07
22	126	1.21463e-05
23	126	8.59202e-05
24	126	0.000228518
25	126	0.000228518
26	126	8.59202e-05
27	126	1.21463e-05
28	126	6.45608e-07
29	126	1.29023e-08
30	126	9.69486e-11
31	126	2.73899e-13
32	126	2.90947e-16
33	126	1.16201e-19
34	126	1.74496e-23
35	126	9.85218e-28
36	126	2.09148e-32
37	126	1.66936e-37
38	126	5.00264e-43
39	126	0
40	126	0
41	126	0
42	126	0
43	126	0
44	126	0
45	126	0
46	126	0
47	126	0
48	126	0
49	126	0

0	127	0
1	127	0
2	127	0
3	127	0
4	127	0
5	127	0
6	127	0
7	127	0
8	127	0
9	127	0
10	127	0
11	127	1.56665e-42
12	127	4.2772e-37
13	127	4.45753e-32
14	127	1.77365e-27
15	127	2.69454e-23
16	127	1.56292e-19
17	127	3.46121e-16
18	127	2.92656e-13
19	127	9.44769e-11
20	127	1.16448e-08
21	127	5.47997e-07
22	127	9.84606e-06
23	127	6.75437e-05
24	127	0.000176908
25	127	0.000176908
26	127	6.75437e-05
27	127	9.84606e-06
28	127	5.47997e-07
29	127	1.16448e-08
30	127	9.44769e-11
31	127	2.92656e-13
32	127	3.46121e-16
33	127	1.56292e-19
34	127	2.69454e-23
35	127	1.77365e-27
36	127	4.45753e-32
37	127	4.2772e-37
38	127	1.56665e-42
39	127	0
40	127	0
41	127	0
42	127	0
43	127	0
44	127	0
45	127	0
46	127	0
47	127	0
48	127	0
49	127	0

0	128	0
1	128	0
2	128	0
3	128	0
4	128	0
5	128	0
6	128	0
7	128	0
8	128	0
9	128	0
10	128	0
11	128	4.7434e-42
12	128	1.06569e-36
13	128	9.27832e-32
14	128	3.1308e-27
15	128	4.09436e-23
16	128	2.07523e-19
17	128	4.07653e-16
18	128	3.10358e-13
19	128	9.15761e-11
20	128	1.04725e-08
21	128	4.64153e-07
22	128	7.97298e-06
23	128	5.30795e-05
24	128	0.000136956
25	128	0.000136956
26	128	5.30795e-05
27	128	7.97298e-06
28	128	4.64153e-07
29	128	1.04725e-08
30	128	9.15761e-11
31	128	3.10358e-13
32	128	4.07653e-16
33	128	2.07523e-19
34	128	4.09436e-23
35	128	3.1308e-27
36	128	9.27832e-32
37	128	1.06569e-36
38	128	4.7434e-42
39	128	0
40	128	0
41	128	0
42	128	0
43	128	0
44	128	0
45	128	0
46	128	0
47	128	0
48	128	0
49	128	0

0	129	0
1	129	0
2	129	0
3	129	0
4	129	0
5	129	0
6	129	0
7	129	0
8	129	0
9	129	0
10	129	0
11	129	1.39163e-41
12	129	2.58438e-36
13	129	1.88757e-31
14	129	5.42197e-27
15	129	6.12511e-23
16	129	2.7213e-19
17	129	4.7549e-16
18	129	3.26747e-13
19	129	8.83051e-11
20	129	9.38565e-09
21	129	3.92326e-07
22	129	6.44962e-06
23	129	4.1699e-05
24	129	0.000106028
25	129	0.000106028
26	129	4.1699e-05
27	129	6.44962e-06
28	129	3.92326e-07
29	129	9.38565e-09
30	129	8.83051e-11
31	129	3.26747e-13
32	129	4.7549e-16
33	129	2.7213e-19
34	129	6.12511e-23
35	129	5.42197e-27
36	129	1.88757e-31
37	129	2.58438e-36
38	129	1.39163e-41
39	129	0
40	129	0
41	129	0
42	129	0
43	129	0
44	129	0
45	129	0
46	129	0
47	129	0
48	129	0
49	129	0

