# Depth-Dose Distribution (PDD)
# Depth(mm) Dose(Gy) Dose_norm
# Bragg Peak at: 37 mm, 1.2637 Gy
0.0000	0.4749	0.3758
0.5000	0.4725	0.3739
1.0000	0.4797	0.3796
1.5000	0.4824	0.3818
2.0000	0.4773	0.3777
2.5000	0.4850	0.3838
3.0000	0.4843	0.3832
3.5000	0.4841	0.3831
4.0000	0.4907	0.3883
4.5000	0.4893	0.3872
5.0000	0.4890	0.3869
5.5000	0.4911	0.3886
6.0000	0.4933	0.3904
6.5000	0.4983	0.3944
7.0000	0.5020	0.3973
7.5000	0.5054	0.3999
8.0000	0.5106	0.4040
8.5000	0.5110	0.4044
9.0000	0.5158	0.4082
9.5000	0.5241	0.4147
10.0000	0.5228	0.4137
10.5000	0.5220	0.4130
11.0000	0.5265	0.4166
11.5000	0.5325	0.4214
12.0000	0.5370	0.4250
12.5000	0.5483	0.4339
13.0000	0.5549	0.4391
13.5000	0.5585	0.4420
14.0000	0.5657	0.4477
14.5000	0.5730	0.4534
15.0000	0.5756	0.4555
15.5000	0.5761	0.4559
16.0000	0.5803	0.4592
16.5000	0.5832	0.4615
17.0000	0.5824	0.4609
17.5000	0.5879	0.4652
18.0000	0.5961	0.4717
18.5000	0.6031	0.4772
19.0000	0.6072	0.4805
19.5000	0.6205	0.4910
20.0000	0.6261	0.4954
20.5000	0.6345	0.5021
21.0000	0.6507	0.5149
21.5000	0.6555	0.5187
22.0000	0.6654	0.5265
22.5000	0.6726	0.5323
23.0000	0.6734	0.5329
23.5000	0.6849	0.5420
24.0000	0.6891	0.5453
24.5000	0.7111	0.5627
25.0000	0.7220	0.5714
25.5000	0.7379	0.5840
26.0000	0.7322	0.5794
26.5000	0.7411	0.5865
27.0000	0.7540	0.5966
27.5000	0.7614	0.6025
28.0000	0.7718	0.6107
28.5000	0.7874	0.6231
29.0000	0.7937	0.6281
29.5000	0.8176	0.6470
30.0000	0.8234	0.6516
30.5000	0.8572	0.6783
31.0000	0.8653	0.6847
31.5000	0.8924	0.7062
32.0000	0.9203	0.7283
32.5000	0.9522	0.7535
33.0000	0.9940	0.7866
33.5000	1.0151	0.8033
34.0000	1.0544	0.8344
34.5000	1.0854	0.8589
35.0000	1.1182	0.8848
35.5000	1.1387	0.9011
36.0000	1.1817	0.9351
36.5000	1.2191	0.9647
37.0000	1.2637	1.0000
37.5000	1.2475	0.9872
38.0000	1.1887	0.9407
38.5000	1.1096	0.8780
39.0000	1.0077	0.7974
39.5000	0.8980	0.7106
40.0000	0.8408	0.6654
40.5000	0.7549	0.5974
41.0000	0.7107	0.5624
41.5000	0.6252	0.4948
42.0000	0.5172	0.4093
42.5000	0.4186	0.3313
43.0000	0.3280	0.2595
43.5000	0.2031	0.1607
44.0000	0.0827	0.0654
44.5000	0.0351	0.0278
45.0000	0.0342	0.0270
45.5000	0.0276	0.0218
46.0000	0.0123	0.0097
46.5000	0.0180	0.0143
47.0000	0.0060	0.0047
47.5000	0.0093	0.0073
48.0000	0.0006	0.0005
48.5000	0.0010	0.0008
49.0000	0.0086	0.0068
49.5000	0.0012	0.0010
50.0000	0.0005	0.0004
50.5000	0.0053	0.0042
51.0000	0.0050	0.0040
51.5000	0.0013	0.0011
52.0000	0.0065	0.0052
52.5000	0.0017	0.0013
53.0000	0.0000	0.0000
53.5000	0.0038	0.0030
54.0000	0.0024	0.0019
54.5000	0.0038	0.0030
55.0000	0.0024	0.0019
55.5000	0.0055	0.0043
56.0000	0.0001	0.0001
56.5000	0.0017	0.0013
57.0000	0.0038	0.0030
57.5000	0.0019	0.0015
58.0000	0.0017	0.0013
58.5000	0.0051	0.0041
59.0000	0.0097	0.0077
59.5000	0.0055	0.0044
60.0000	0.0039	0.0031
60.5000	0.0042	0.0033
61.0000	0.0098	0.0078
61.5000	0.0039	0.0031
62.0000	0.0099	0.0079
62.5000	0.0068	0.0054
63.0000	0.0027	0.0021
63.5000	0.0044	0.0035
64.0000	0.0074	0.0059
64.5000	0.0058	0.0046
65.0000	0.0108	0.0085
65.5000	0.0173	0.0137
66.0000	0.0106	0.0084
66.5000	0.0059	0.0047
67.0000	0.0122	0.0097
67.5000	0.0132	0.0105
68.0000	0.0114	0.0090
68.5000	0.0167	0.0132
69.0000	0.0178	0.0140
69.5000	0.0303	0.0240
70.0000	0.0115	0.0091
70.5000	0.0163	0.0129
71.0000	0.0185	0.0147
71.5000	0.0213	0.0168
72.0000	0.0137	0.0108
72.5000	0.0226	0.0179
73.0000	0.0187	0.0148
73.5000	0.0189	0.0150
74.0000	0.0107	0.0085
74.5000	0.0084	0.0066
75.0000	0.0121	0.0096
75.5000	0.0116	0.0092
76.0000	0.0133	0.0105
76.5000	0.0123	0.0098
77.0000	0.0179	0.0142
77.5000	0.0149	0.0118
78.0000	0.0150	0.0119
78.5000	0.0168	0.0133
79.0000	0.0143	0.0113
79.5000	0.0152	0.0121
80.0000	0.0216	0.0171
80.5000	0.0193	0.0153
81.0000	0.0155	0.0123
81.5000	0.0095	0.0075
82.0000	0.0157	0.0124
82.5000	0.0216	0.0171
83.0000	0.0259	0.0205
83.5000	0.0165	0.0130
84.0000	0.0216	0.0171
84.5000	0.0183	0.0145
85.0000	0.0185	0.0146
85.5000	0.0075	0.0059
86.0000	0.0128	0.0102
86.5000	0.0224	0.0177
87.0000	0.0182	0.0144
87.5000	0.0241	0.0191
88.0000	0.0166	0.0132
88.5000	0.0202	0.0160
89.0000	0.0186	0.0147
89.5000	0.0200	0.0158
90.0000	0.0107	0.0085
90.5000	0.0213	0.0169
91.0000	0.0154	0.0122
91.5000	0.0123	0.0097
92.0000	0.0236	0.0187
92.5000	0.0281	0.0222
93.0000	0.0117	0.0093
93.5000	0.0106	0.0084
94.0000	0.0247	0.0195
94.5000	0.0165	0.0131
95.0000	0.0235	0.0186
95.5000	0.0066	0.0052
96.0000	0.0072	0.0057
96.5000	0.0049	0.0039
97.0000	0.0189	0.0150
97.5000	0.0155	0.0122
98.0000	0.0256	0.0203
98.5000	0.0139	0.0110
99.0000	0.0088	0.0069
99.5000	0.0196	0.0155
100.0000	0.0119	0.0094
100.5000	0.0183	0.0144
101.0000	0.0252	0.0199
101.5000	0.0332	0.0262
102.0000	0.0190	0.0151
102.5000	0.0155	0.0123
103.0000	0.0157	0.0124
103.5000	0.0145	0.0115
104.0000	0.0264	0.0209
104.5000	0.0191	0.0151
105.0000	0.0088	0.0070
105.5000	0.0160	0.0127
106.0000	0.0135	0.0107
106.5000	0.0076	0.0060
107.0000	0.0106	0.0084
107.5000	0.0142	0.0112
108.0000	0.0178	0.0141
108.5000	0.0168	0.0133
109.0000	0.0160	0.0127
109.5000	0.0084	0.0066
110.0000	0.0108	0.0086
110.5000	0.0215	0.0170
111.0000	0.0204	0.0162
111.5000	0.0169	0.0134
112.0000	0.0096	0.0076
112.5000	0.0059	0.0046
113.0000	0.0130	0.0103
113.5000	0.0068	0.0054
114.0000	0.0140	0.0111
114.5000	0.0171	0.0135
115.0000	0.0239	0.0189
115.5000	0.0218	0.0173
116.0000	0.0189	0.0150
116.5000	0.0152	0.0120
117.0000	0.0137	0.0108
117.5000	0.0070	0.0055
118.0000	0.0069	0.0054
118.5000	0.0159	0.0126
119.0000	0.0204	0.0162
119.5000	0.0174	0.0138
120.0000	0.0162	0.0128
120.5000	0.0198	0.0157
121.0000	0.0157	0.0124
121.5000	0.0155	0.0123
122.0000	0.0184	0.0146
122.5000	0.0074	0.0059
123.0000	0.0097	0.0076
123.5000	0.0095	0.0075
124.0000	0.0112	0.0088
124.5000	0.0040	0.0032
125.0000	0.0087	0.0069
125.5000	0.0162	0.0128
126.0000	0.0116	0.0092
126.5000	0.0153	0.0121
127.0000	0.0274	0.0217
127.5000	0.0202	0.0160
128.0000	0.0123	0.0098
128.5000	0.0053	0.0042
129.0000	0.0036	0.0028
129.5000	0.0002	0.0002
130.0000	0.0000	0.0000
130.5000	0.0000	0.0000
131.0000	0.0000	0.0000
131.5000	0.0046	0.0036
132.0000	0.0002	0.0002
132.5000	0.0046	0.0036
133.0000	0.0000	0.0000
133.5000	0.0000	0.0000
134.0000	0.0003	0.0002
134.5000	0.0098	0.0077
135.0000	0.0056	0.0044
135.5000	0.0041	0.0033
136.0000	0.0000	0.0000
136.5000	0.0000	0.0000
137.0000	0.0111	0.0088
137.5000	0.0002	0.0002
138.0000	0.0000	0.0000
138.5000	0.0004	0.0003
139.0000	0.0002	0.0002
139.5000	0.0000	0.0000
140.0000	0.0000	0.0000
140.5000	0.0000	0.0000
141.0000	0.0000	0.0000
141.5000	0.0001	0.0001
142.0000	0.0000	0.0000
142.5000	0.0000	0.0000
143.0000	0.0000	0.0000
143.5000	0.0004	0.0003
144.0000	0.0000	0.0000
144.5000	0.0000	0.0000
145.0000	0.0000	0.0000
145.5000	0.0000	0.0000
146.0000	0.0000	0.0000
146.5000	0.0000	0.0000
147.0000	0.0000	0.0000
147.5000	0.0002	0.0002
148.0000	0.0000	0.0000
148.5000	0.0000	0.0000
149.0000	0.0001	0.0001
149.5000	0.0000	0.0000
150.0000	0.0000	0.0000
150.5000	0.0000	0.0000
151.0000	0.0000	0.0000
151.5000	0.0000	0.0000
152.0000	0.0000	0.0000
152.5000	0.0000	0.0000
153.0000	0.0036	0.0029
153.5000	0.0051	0.0041
154.0000	0.0001	0.0001
154.5000	0.0042	0.0033
155.0000	0.0000	0.0000
155.5000	0.0000	0.0000
156.0000	0.0000	0.0000
156.5000	0.0000	0.0000
157.0000	0.0000	0.0000
157.5000	0.0036	0.0029
158.0000	0.0000	0.0000
158.5000	0.0000	0.0000
159.0000	0.0000	0.0000
159.5000	0.0000	0.0000
160.0000	0.0000	0.0000
160.5000	0.0000	0.0000
161.0000	0.0000	0.0000
161.5000	0.0037	0.0030
162.0000	0.0000	0.0000
162.5000	0.0000	0.0000
163.0000	0.0000	0.0000
163.5000	0.0000	0.0000
164.0000	0.0000	0.0000
164.5000	0.0000	0.0000
165.0000	0.0000	0.0000
165.5000	0.0000	0.0000
166.0000	0.0000	0.0000
166.5000	0.0006	0.0004
167.0000	0.0001	0.0001
167.5000	0.0000	0.0000
168.0000	0.0001	0.0001
168.5000	0.0000	0.0000
169.0000	0.0019	0.0015
169.5000	0.0000	0.0000
170.0000	0.0000	0.0000
170.5000	0.0000	0.0000
171.0000	0.0000	0.0000
171.5000	0.0000	0.0000
172.0000	0.0000	0.0000
172.5000	0.0000	0.0000
173.0000	0.0000	0.0000
173.5000	0.0001	0.0001
174.0000	0.0000	0.0000
174.5000	0.0000	0.0000
175.0000	0.0000	0.0000
175.5000	0.0000	0.0000
176.0000	0.0000	0.0000
176.5000	0.0000	0.0000
177.0000	0.0000	0.0000
177.5000	0.0000	0.0000
178.0000	0.0042	0.0034
178.5000	0.0000	0.0000
179.0000	0.0000	0.0000
179.5000	0.0000	0.0000
180.0000	0.0000	0.0000
180.5000	0.0000	0.0000
181.0000	0.0001	0.0001
181.5000	0.0000	0.0000
182.0000	0.0047	0.0037
182.5000	0.0000	0.0000
183.0000	0.0042	0.0033
183.5000	0.0001	0.0001
184.0000	0.0000	0.0000
184.5000	0.0000	0.0000
185.0000	0.0000	0.0000
185.5000	0.0000	0.0000
186.0000	0.0000	0.0000
186.5000	0.0000	0.0000
187.0000	0.0000	0.0000
187.5000	0.0000	0.0000
188.0000	0.0000	0.0000
188.5000	0.0000	0.0000
189.0000	0.0000	0.0000
189.5000	0.0000	0.0000
190.0000	0.0000	0.0000
190.5000	0.0000	0.0000
191.0000	0.0000	0.0000
191.5000	0.0000	0.0000
192.0000	0.0000	0.0000
192.5000	0.0002	0.0002
193.0000	0.0000	0.0000
193.5000	0.0000	0.0000
194.0000	0.0001	0.0001
194.5000	0.0000	0.0000
195.0000	0.0000	0.0000
195.5000	0.0000	0.0000
196.0000	0.0000	0.0000
196.5000	0.0000	0.0000
197.0000	0.0004	0.0003
197.5000	0.0001	0.0001
198.0000	0.0000	0.0000
198.5000	0.0000	0.0000
199.0000	0.0000	0.0000
199.5000	0.0000	0.0000
200.0000	0.0000	0.0000
200.5000	0.0000	0.0000
201.0000	0.0000	0.0000
201.5000	0.0000	0.0000
202.0000	0.0000	0.0000
202.5000	0.0000	0.0000
203.0000	0.0000	0.0000
203.5000	0.0000	0.0000
204.0000	0.0000	0.0000
204.5000	0.0000	0.0000
205.0000	0.0003	0.0003
205.5000	0.0000	0.0000
206.0000	0.0000	0.0000
206.5000	0.0000	0.0000
207.0000	0.0035	0.0028
207.5000	0.0000	0.0000
208.0000	0.0002	0.0002
208.5000	0.0000	0.0000
209.0000	0.0000	0.0000
209.5000	0.0000	0.0000
210.0000	0.0000	0.0000
210.5000	0.0000	0.0000
211.0000	0.0000	0.0000
211.5000	0.0000	0.0000
212.0000	0.0000	0.0000
212.5000	0.0000	0.0000
213.0000	0.0004	0.0003
213.5000	0.0000	0.0000
214.0000	0.0002	0.0002
214.5000	0.0000	0.0000
215.0000	0.0000	0.0000
215.5000	0.0000	0.0000
216.0000	0.0001	0.0001
216.5000	0.0000	0.0000
217.0000	0.0039	0.0031
217.5000	0.0000	0.0000
218.0000	0.0000	0.0000
218.5000	0.0003	0.0002
219.0000	0.0000	0.0000
219.5000	0.0000	0.0000
220.0000	0.0000	0.0000
220.5000	0.0000	0.0000
221.0000	0.0000	0.0000
221.5000	0.0000	0.0000
222.0000	0.0000	0.0000
222.5000	0.0000	0.0000
223.0000	0.0000	0.0000
223.5000	0.0000	0.0000
224.0000	0.0000	0.0000
224.5000	0.0000	0.0000
225.0000	0.0000	0.0000
225.5000	0.0000	0.0000
226.0000	0.0000	0.0000
226.5000	0.0000	0.0000
227.0000	0.0000	0.0000
227.5000	0.0000	0.0000
228.0000	0.0000	0.0000
228.5000	0.0000	0.0000
229.0000	0.0000	0.0000
229.5000	0.0000	0.0000
230.0000	0.0000	0.0000
230.5000	0.0000	0.0000
231.0000	0.0000	0.0000
231.5000	0.0000	0.0000
232.0000	0.0002	0.0002
232.5000	0.0000	0.0000
233.0000	0.0000	0.0000
233.5000	0.0000	0.0000
234.0000	0.0000	0.0000
234.5000	0.0000	0.0000
235.0000	0.0000	0.0000
235.5000	0.0000	0.0000
236.0000	0.0000	0.0000
236.5000	0.0000	0.0000
237.0000	0.0000	0.0000
237.5000	0.0000	0.0000
238.0000	0.0000	0.0000
238.5000	0.0000	0.0000
239.0000	0.0000	0.0000
239.5000	0.0000	0.0000
240.0000	0.0000	0.0000
240.5000	0.0001	0.0001
241.0000	0.0000	0.0000
241.5000	0.0000	0.0000
242.0000	0.0000	0.0000
242.5000	0.0000	0.0000
243.0000	0.0000	0.0000
243.5000	0.0000	0.0000
244.0000	0.0000	0.0000
244.5000	0.0000	0.0000
245.0000	0.0000	0.0000
245.5000	0.0000	0.0000
246.0000	0.0000	0.0000
246.5000	0.0000	0.0000
247.0000	0.0003	0.0002
247.5000	0.0000	0.0000
248.0000	0.0000	0.0000
248.5000	0.0000	0.0000
249.0000	0.0000	0.0000
249.5000	0.0000	0.0000
250.0000	0.0000	0.0000
250.5000	0.0000	0.0000
251.0000	0.0000	0.0000
251.5000	0.0000	0.0000
252.0000	0.0000	0.0000
252.5000	0.0000	0.0000
253.0000	0.0000	0.0000
253.5000	0.0000	0.0000
254.0000	0.0000	0.0000
254.5000	0.0000	0.0000
255.0000	0.0000	0.0000
255.5000	0.0000	0.0000
256.0000	0.0002	0.0001
256.5000	0.0074	0.0058
257.0000	0.0222	0.0176
257.5000	0.0383	0.0303
258.0000	0.0496	0.0393
258.5000	0.0451	0.0357
259.0000	0.0428	0.0339
259.5000	0.0450	0.0356
260.0000	0.0385	0.0304
260.5000	0.0275	0.0218
261.0000	0.0273	0.0216
261.5000	0.0335	0.0265
262.0000	0.0391	0.0309
262.5000	0.0305	0.0241
263.0000	0.0393	0.0311
263.5000	0.0312	0.0247
264.0000	0.0274	0.0217
264.5000	0.0401	0.0317
265.0000	0.0344	0.0272
265.5000	0.0364	0.0288
266.0000	0.0351	0.0278
266.5000	0.0332	0.0263
267.0000	0.0310	0.0245
267.5000	0.0355	0.0281
268.0000	0.0336	0.0266
268.5000	0.0334	0.0264
269.0000	0.0339	0.0268
269.5000	0.0304	0.0241
270.0000	0.0186	0.0147
270.5000	0.0238	0.0188
271.0000	0.0277	0.0219
271.5000	0.0393	0.0311
272.0000	0.0431	0.0341
272.5000	0.0494	0.0391
273.0000	0.0444	0.0351
273.5000	0.0462	0.0366
274.0000	0.0407	0.0322
274.5000	0.0370	0.0293
275.0000	0.0249	0.0197
275.5000	0.0169	0.0134
276.0000	0.0278	0.0220
276.5000	0.0247	0.0196
277.0000	0.0212	0.0168
277.5000	0.0217	0.0172
278.0000	0.0260	0.0206
278.5000	0.0383	0.0303
279.0000	0.0359	0.0284
279.5000	0.0289	0.0229
280.0000	0.0191	0.0151
280.5000	0.0128	0.0102
281.0000	0.0145	0.0115
281.5000	0.0296	0.0234
282.0000	0.0127	0.0100
282.5000	0.0128	0.0101
283.0000	0.0186	0.0147
283.5000	0.0229	0.0181
284.0000	0.0215	0.0170
284.5000	0.0155	0.0123
285.0000	0.0144	0.0114
285.5000	0.0211	0.0167
286.0000	0.0322	0.0255
286.5000	0.0347	0.0275
287.0000	0.0358	0.0283
287.5000	0.0322	0.0255
288.0000	0.0278	0.0220
288.5000	0.0300	0.0238
289.0000	0.0171	0.0136
289.5000	0.0098	0.0077
290.0000	0.0139	0.0110
290.5000	0.0074	0.0059
291.0000	0.0185	0.0147
291.5000	0.0085	0.0067
292.0000	0.0220	0.0174
292.5000	0.0275	0.0217
293.0000	0.0102	0.0081
293.5000	0.0073	0.0058
294.0000	0.0072	0.0057
294.5000	0.0044	0.0035
295.0000	0.0177	0.0140
295.5000	0.0205	0.0163
296.0000	0.0123	0.0097
296.5000	0.0143	0.0113
297.0000	0.0139	0.0110
297.5000	0.0166	0.0131
298.0000	0.0206	0.0163
298.5000	0.0118	0.0093
299.0000	0.0081	0.0064
299.5000	0.0147	0.0117
300.0000	0.0102	0.0081
300.5000	0.0141	0.0111
301.0000	0.0185	0.0147
301.5000	0.0175	0.0138
302.0000	0.0260	0.0206
302.5000	0.0249	0.0197
303.0000	0.0214	0.0169
303.5000	0.0244	0.0193
304.0000	0.0129	0.0102
304.5000	0.0235	0.0186
305.0000	0.0274	0.0217
305.5000	0.0165	0.0131
306.0000	0.0231	0.0183
306.5000	0.0137	0.0108
307.0000	0.0097	0.0077
307.5000	0.0097	0.0077
308.0000	0.0068	0.0054
308.5000	0.0116	0.0092
309.0000	0.0099	0.0079
309.5000	0.0153	0.0121
310.0000	0.0149	0.0118
310.5000	0.0118	0.0093
311.0000	0.0098	0.0077
311.5000	0.0147	0.0117
312.0000	0.0092	0.0073
312.5000	0.0132	0.0104
313.0000	0.0078	0.0061
313.5000	0.0108	0.0086
314.0000	0.0143	0.0113
314.5000	0.0167	0.0132
315.0000	0.0094	0.0075
315.5000	0.0076	0.0060
316.0000	0.0132	0.0104
316.5000	0.0175	0.0139
317.0000	0.0311	0.0246
317.5000	0.0182	0.0144
318.0000	0.0166	0.0131
318.5000	0.0193	0.0152
319.0000	0.0244	0.0193
319.5000	0.0125	0.0099
